45
46
47
48
49
50
51
52
53
54
55
56
57
58
59
60
61
143
144
145
146
147
148
149
150
151
152
153
154
155
156
157
158
159
160
161
241
242
243
244
245
246
247
248
249
250
251
252
253
254
255
256
257
258
259
260
261
340
341
342
343
344
345
346
347
348
349
350
351
352
353
354
355
356
357
358
359
360
361
439
440
441
442
443
444
445
446
447
448
449
450
451
452
453
454
455
456
457
458
459
460
461
539
540
541
542
543
544
545
546
547
548
549
550
551
552
553
554
555
556
557
558
559
560
561
638
639
640
641
642
643
644
645
646
647
648
649
650
651
652
653
654
655
656
657
658
659
660
661
738
739
740
741
742
743
744
745
746
747
748
837
838
839
840
841
842
843
844
845
846
937
938
939
940
941
942
943
944
945
1037
1038
1039
1040
1041
1042
1043
1044
1045
1137
1138
1139
1140
1141
1142
1143
1144
1236
1237
1238
1239
1240
1241
1242
1243
1244
1336
1337
1338
1339
1340
1341
1342
1343
1344
1436
1437
1438
1439
1440
1441
1442
1443
1444
1536
1537
1538
1539
1540
1541
1542
1543
1544
1636
1637
1638
1639
1640
1641
1642
1643
1644
1736
1737
1738
1739
1740
1741
1742
1743
1744
1836
1837
1838
1839
1840
1841
1842
1843
1844
1936
1937
1938
1939
1940
1941
1942
1943
1944
2027
2028
2029
2030
2031
2032
2033
2034
2035
2036
2037
2038
2039
2040
2041
2042
2043
2044
2045
2046
2047
2048
2049
2050
2051
2052
2053
2054
2055
2056
2057
2058
2059
2127
2128
2129
2130
2131
2132
2133
2134
2135
2136
2137
2138
2139
2140
2141
2142
2143
2144
2145
2146
2147
2148
2149
2150
2151
2152
2153
2154
2155
2156
2157
2158
2159
2227
2228
2229
2230
2231
2232
2233
2234
2235
2236
2237
2238
2239
2240
2241
2242
2243
2244
2245
2246
2247
2248
2249
2250
2251
2252
2253
2254
2255
2256
2257
2258
2259
2327
2328
2329
2330
2331
2332
2333
2334
2335
2336
2337
2338
2339
2340
2341
2342
2343
2344
2345
2346
2347
2348
2349
2350
2351
2352
2353
2354
2355
2356
2357
2358
2359
2427
2428
2429
2430
2431
2432
2433
2434
2435
2436
2437
2438
2439
2440
2441
2442
2443
2444
2445
2446
2447
2448
2449
2450
2451
2452
2453
2454
2455
2456
2457
2458
2459
2527
2528
2529
2530
2531
2532
2533
2534
2535
2536
2537
2538
2539
2540
2541
2542
2543
2544
2545
2546
2547
2548
2549
2550
2551
2552
2553
2554
2555
2556
2557
2558
2559
2627
2628
2629
2630
2631
2632
2633
2634
2635
2636
2637
2638
2639
2640
2641
2642
2643
2644
2645
2646
2647
2648
2649
2650
2651
2652
2653
2654
2655
2656
2657
2658
2659
2736
2737
2738
2739
2740
2741
2742
2743
2744
2836
2837
2838
2839
2840
2841
2842
2843
2844
2936
2937
2938
2939
2940
2941
2942
2943
2944
3036
3037
3038
3039
3040
3041
3042
3043
3044
3136
3137
3138
3139
3140
3141
3142
3143
3144
3236
3237
3238
3239
3240
3241
3242
3243
3244
3336
3337
3338
3339
3340
3341
3342
3343
3344
3436
3437
3438
3439
3440
3441
3442
3443
3444
3536
3537
3538
3539
3540
3541
3542
3543
3544
3636
3637
3638
3639
3640
3641
3642
3643
3644
3736
3737
3738
3739
3740
3741
3742
3743
3744
3836
3837
3838
3839
3840
3841
3842
3843
3844
3936
3937
3938
3939
3940
3941
3942
3943
3944
4036
4037
4038
4039
4040
4041
4042
4043
4044
4136
4137
4138
4139
4140
4141
4142
4143
4144
4236
4237
4238
4239
4240
4241
4242
4243
4244
4336
4337
4338
4339
4340
4341
4342
4343
4344
4436
4437
4438
4439
4440
4441
4442
4443
4444
4536
4537
4538
4539
4540
4541
4542
4543
4544
4636
4637
4638
4639
4640
4641
4642
4643
4644
4736
4737
4738
4739
4740
4741
4742
4743
4744
4836
4837
4838
4839
4840
4841
4842
4843
4844
4936
4937
4938
4939
4940
4941
4942
4943
4944
5036
5037
5038
5039
5040
5041
5042
5043
5044
5136
5137
5138
5139
5140
5141
5142
5143
5144
5236
5237
5238
5239
5240
5241
5242
5243
5244
5336
5337
5338
5339
5340
5341
5342
5343
5344
5436
5437
5438
5439
5440
5441
5442
5443
5444
5536
5537
5538
5539
5540
5541
5542
5543
5544
5636
5637
5638
5639
5640
5641
5642
5643
5644
5736
5737
5738
5739
5740
5741
5742
5743
5744
5836
5837
5838
5839
5840
5841
5842
5843
5844
5936
5937
5938
5939
5940
5941
5942
5943
5944
6036
6037
6038
6039
6040
6041
6042
6043
6044
6136
6137
6138
6139
6140
6141
6142
6143
6144
6236
6237
6238
6239
6240
6241
6242
6243
6244
6336
6337
6338
6339
6340
6341
6342
6343
6344
6436
6437
6438
6439
6440
6441
6442
6443
6444
6536
6537
6538
6539
6540
6541
6542
6543
6544
6636
6637
6638
6639
6640
6641
6642
6643
6644
6736
6737
6738
6739
6740
6741
6742
6743
6744
6836
6837
6838
6839
6840
6841
6842
6843
6844
6936
6937
6938
6939
6940
6941
6942
6943
6944
7036
7037
7038
7039
7040
7041
7042
7043
7044
7136
7137
7138
7139
7140
7141
7142
7143
7144
7236
7237
7238
7239
7240
7241
7242
7243
7244
7336
7337
7338
7339
7340
7341
7342
7343
7344
7436
7437
7438
7439
7440
7441
7442
7443
7444
7711
7712
7713
7727
7728
7729
7730
7731
7808
7809
7810
7811
7812
7813
7825
7826
7827
7828
7829
7830
7831
7832
7833
7908
7912
7913
7924
7925
7933
7934
8012
8013
8023
8024
8034
8035
8112
8113
8123
8124
8134
8135
8212
8213
8223
8224
8234
8235
8312
8313
8324
8325
8333
8334
8412
8413
8426
8427
8428
8429
8430
8431
8432
8512
8513
8525
8526
8527
8528
8529
8530
8531
8532
8533
8612
8613
8624
8625
8626
8632
8633
8634
8712
8713
8724
8734
8812
8813
8823
8824
8834
8835
8912
8913
8923
8924
8934
8935
9012
9013
9023
9024
9034
9035
9112
9113
9124
9134
9212
9213
9224
9225
9226
9232
9233
9234
9308
9309
9310
9311
9312
9313
9314
9315
9316
9317
9325
9326
9327
9328
9329
9330
9331
9332
9333
9408
9409
9410
9411
9412
9413
9414
9415
9416
9417
9427
9428
9429
9430
9431
