34
35
36
37
38
39
40
41
42
134
135
136
137
138
139
140
141
142
234
235
236
237
238
239
240
241
242
334
335
336
337
338
339
340
341
342
434
435
436
437
438
439
440
441
442
534
535
536
537
538
539
540
541
542
634
635
636
637
638
639
640
641
642
734
735
736
737
738
739
740
741
742
834
835
836
837
838
839
840
841
842
934
935
936
937
938
939
940
941
942
1034
1035
1036
1037
1038
1039
1040
1041
1042
1134
1135
1136
1137
1138
1139
1140
1141
1142
1234
1235
1236
1237
1238
1239
1240
1241
1242
1334
1335
1336
1337
1338
1339
1340
1341
1342
1434
1435
1436
1437
1438
1439
1440
1441
1442
1534
1535
1536
1537
1538
1539
1540
1541
1542
1634
1635
1636
1637
1638
1639
1640
1641
1642
1734
1735
1736
1737
1738
1739
1740
1741
1742
1834
1835
1836
1837
1838
1839
1840
1841
1842
1857
1858
1859
1860
1861
1862
1863
1934
1935
1936
1937
1938
1939
1940
1941
1942
1953
1954
1955
1956
1957
1958
1959
1960
1961
1962
1963
1964
1965
1966
1967
2034
2035
2036
2037
2038
2039
2040
2041
2042
2051
2052
2053
2054
2055
2056
2057
2058
2059
2060
2061
2062
2063
2064
2065
2066
2067
2068
2069
2134
2135
2136
2137
2138
2139
2140
2141
2142
2149
2150
2151
2152
2153
2154
2155
2156
2157
2158
2159
2160
2161
2162
2163
2164
2165
2166
2167
2168
2169
2170
2171
2234
2235
2236
2237
2238
2239
2240
2241
2242
2248
2249
2250
2251
2252
2253
2254
2255
2256
2257
2258
2259
2260
2261
2262
2263
2264
2265
2266
2267
2268
2269
2270
2271
2272
2334
2335
2336
2337
2338
2339
2340
2341
2342
2347
2348
2349
2350
2351
2352
2353
2354
2355
2356
2357
2358
2359
2360
2361
2362
2363
2364
2365
2366
2367
2368
2369
2370
2371
2372
2373
2434
2435
2436
2437
2438
2439
2440
2441
2442
2446
2447
2448
2449
2450
2451
2452
2453
2454
2455
2456
2457
2458
2459
2460
2461
2462
2463
2464
2465
2466
2467
2468
2469
2470
2471
2472
2473
2474
2534
2535
2536
2537
2538
2539
2540
2541
2542
2545
2546
2547
2548
2549
2550
2551
2552
2553
2554
2555
2556
2557
2558
2559
2560
2561
2562
2563
2564
2565
2566
2567
2568
2569
2570
2571
2572
2573
2574
2575
2634
2635
2636
2637
2638
2639
2640
2641
2642
2644
2645
2646
2647
2648
2649
2650
2651
2652
2663
2664
2665
2666
2667
2668
2669
2670
2671
2672
2673
2674
2675
2676
2734
2735
2736
2737
2738
2739
2740
2741
2742
2744
2745
2746
2747
2748
2749
2750
2765
2766
2767
2768
2769
2770
2771
2772
2773
2774
2775
2776
2777
2834
2835
2836
2837
2838
2839
2840
2841
2842
2843
2844
2845
2846
2847
2848
2849
2866
2867
2868
2869
2870
2871
2872
2873
2874
2875
2876
2877
2934
2935
2936
2937
2938
2939
2940
2941
2942
2943
2944
2945
2946
2947
2948
2967
2968
2969
2970
2971
2972
2973
2974
2975
2976
2977
2978
3034
3035
3036
3037
3038
3039
3040
3041
3042
3043
3044
3045
3046
3047
3068
3069
3070
3071
3072
3073
3074
3075
3076
3077
3078
3134
3135
3136
3137
3138
3139
3140
3141
3142
3143
3144
3145
3146
3169
3170
3171
3172
3173
3174
3175
3176
3177
3178
3179
3234
3235
3236
3237
3238
3239
3240
3241
3242
3243
3244
3245
3270
3271
3272
3273
3274
3275
3276
3277
3278
3279
3334
3335
3336
3337
3338
3339
3340
3341
3342
3343
3344
3345
3370
3371
3372
3373
3374
3375
3376
3377
3378
3379
3380
3434
3435
3436
3437
3438
3439
3440
3441
3442
3443
3444
3471
3472
3473
3474
3475
3476
3477
3478
3479
3480
3534
3535
3536
3537
3538
3539
3540
3541
3542
3543
3544
3571
3572
3573
3574
3575
3576
3577
3578
3579
3580
3634
3635
3636
3637
3638
3639
3640
3641
3642
3643
3672
3673
3674
3675
3676
3677
3678
3679
3680
3681
3734
3735
3736
3737
3738
3739
3740
3741
3742
3743
3772
3773
3774
3775
3776
3777
3778
3779
3780
3781
3834
3835
3836
3837
3838
3839
3840
3841
3842
3843
3872
3873
3874
3875
3876
3877
3878
3879
3880
3881
3934
3935
3936
3937
3938
3939
3940
3941
3942
3943
3972
3973
3974
3975
3976
3977
3978
3979
3980
3981
4034
4035
4036
4037
4038
4039
4040
4041
4042
4073
4074
4075
4076
4077
4078
4079
4080
4081
4134
4135
4136
4137
4138
4139
4140
4141
4142
4173
4174
4175
4176
4177
4178
4179
4180
4181
4234
4235
4236
4237
4238
4239
4240
4241
4242
4273
4274
4275
4276
4277
4278
4279
4280
4281
4282
4334
4335
4336
4337
4338
4339
4340
4341
4342
4373
4374
4375
4376
4377
4378
4379
4380
4381
4382
4434
4435
4436
4437
4438
4439
4440
4441
4442
4473
4474
4475
4476
4477
4478
4479
4480
4481
4482
4534
4535
4536
4537
4538
4539
4540
4541
4542
4573
4574
4575
4576
4577
4578
4579
4580
4581
4582
4634
4635
4636
4637
4638
4639
4640
4641
4642
4673
4674
4675
4676
4677
4678
4679
4680
4681
4682
4734
4735
4736
4737
4738
4739
4740
4741
4742
4773
4774
4775
4776
4777
4778
4779
4780
4781
4782
4834
4835
4836
4837
4838
4839
4840
4841
4842
4873
4874
4875
4876
4877
4878
4879
4880
4881
4882
4934
4935
4936
4937
4938
4939
4940
4941
4942
4973
4974
4975
4976
4977
4978
4979
4980
4981
4982
5034
5035
5036
5037
5038
5039
5040
5041
5042
5073
5074
5075
5076
5077
5078
5079
5080
5081
5082
5134
5135
5136
5137
5138
5139
5140
5141
5142
5173
5174
5175
5176
5177
5178
5179
5180
5181
5182
5234
5235
5236
5237
5238
5239
5240
5241
5242
5273
5274
5275
5276
5277
5278
5279
5280
5281
5334
5335
5336
5337
5338
5339
5340
5341
5342
5373
5374
5375
5376
5377
5378
5379
5380
5381
5434
5435
5436
5437
5438
5439
5440
5441
5442
5443
5472
5473
5474
5475
5476
5477
5478
5479
5480
5481
5534
5535
5536
5537
5538
5539
5540
5541
5542
5543
5572
5573
5574
5575
5576
5577
5578
5579
5580
5581
5634
5635
5636
5637
5638
5639
5640
5641
5642
5643
5672
5673
5674
5675
5676
5677
5678
5679
5680
5681
5734
5735
5736
5737
5738
5739
5740
5741
5742
5743
5772
5773
5774
5775
5776
5777
5778
5779
5780
5781
5834
5835
5836
5837
5838
5839
5840
5841
5842
5843
5844
5871
5872
5873
5874
5875
5876
5877
5878
5879
5880
5934
5935
5936
5937
5938
5939
5940
5941
5942
5943
5944
5971
5972
5973
5974
5975
5976
5977
5978
5979
5980
6034
6035
6036
6037
6038
6039
6040
6041
6042
6043
6044
6045
6070
6071
6072
6073
6074
6075
6076
6077
6078
6079
6080
6134
6135
6136
6137
6138
6139
6140
6141
6142
6143
6144
6145
6170
6171
6172
6173
6174
6175
6176
6177
6178
6179
6234
6235
6236
6237
6238
6239
6240
6241
6242
6243
6244
6245
6246
6269
6270
6271
6272
6273
6274
6275
6276
6277
6278
6279
6334
6335
6336
6337
6338
6339
6340
6341
6342
6343
6344
6345
6346
6347
6368
6369
6370
6371
6372
6373
6374
6375
6376
6377
6378
6434
6435
6436
6437
6438
6439
6440
6441
6442
6443
6444
6445
6446
6447
6448
6467
6468
6469
6470
6471
6472
6473
6474
6475
6476
6477
6478
6534
6535
6536
6537
6538
6539
6540
6541
6542
6543
6544
6545
6546
6547
6548
6549
6566
6567
6568
6569
6570
6571
6572
6573
6574
6575
6576
6577
6634
6635
6636
6637
6638
6639
6640
6641
6642
6644
6645
6646
6647
6648
6649
6650
6665
6666
6667
6668
6669
6670
6671
6672
6673
6674
6675
6676
6677
6734
6735
6736
6737
6738
6739
6740
6741
6742
6744
6745
6746
6747
6748
6749
6750
6751
6752
6763
6764
6765
6766
6767
6768
6769
6770
6771
6772
6773
6774
6775
6776
6834
6835
6836
6837
6838
6839
6840
6841
6842
6845
6846
6847
6848
6849
6850
6851
6852
6853
6854
6855
6856
6857
6858
6859
6860
6861
6862
6863
6864
6865
6866
6867
6868
6869
6870
6871
6872
6873
6874
6875
6934
6935
6936
6937
6938
6939
6940
6941
6942
6946
6947
6948
6949
6950
6951
6952
6953
6954
6955
6956
6957
6958
6959
6960
6961
6962
6963
6964
6965
6966
6967
6968
6969
6970
6971
6972
6973
6974
7034
7035
7036
7037
7038
7039
7040
7041
7042
7047
7048
7049
7050
7051
7052
7053
7054
7055
7056
7057
7058
7059
7060
7061
7062
7063
7064
7065
7066
7067
7068
7069
7070
7071
7072
7073
7134
7135
7136
7137
7138
7139
7140
7141
7142
7148
7149
7150
7151
7152
7153
7154
7155
7156
7157
7158
7159
7160
7161
7162
7163
7164
7165
7166
7167
7168
7169
7170
7171
7172
7234
7235
7236
7237
7238
7239
7240
7241
7242
7249
7250
7251
7252
7253
7254
7255
7256
7257
7258
7259
7260
7261
7262
7263
7264
7265
7266
7267
7268
7269
7270
7271
7334
7335
7336
7337
7338
7339
7340
7341
7342
7351
7352
7353
7354
7355
7356
7357
7358
7359
7360
7361
7362
7363
7364
7365
7366
7367
7368
7369
7434
7435
7436
7437
7438
7439
7440
7441
7442
7453
7454
7455
7456
7457
7458
7459
7460
7461
7462
7463
7464
7465
7466
7467
7557
7558
7559
7560
7561
7562
7563
7714
7715
7716
7813
7814
7815
7816
7912
7913
7915
7916
8012
8015
8016
8111
8112
8115
8116
8210
8211
8215
8216
8310
8315
8316
8409
8410
8415
8416
8508
8509
8515
8516
8608
8615
8616
8707
8708
8715
8716
8806
8807
8815
8816
8906
8907
8908
8909
8910
8911
8912
8913
8914
8915
8916
8917
8918
8919
9006
9007
9008
9009
9010
9011
9012
9013
9014
9015
9016
9017
9018
9019
9115
9116
9215
9216
9315
9316
9415
9416
