1850
1851
1852
1853
1854
1855
1856
1946
1947
1948
1949
1950
1951
1952
1953
1954
1955
1956
1957
1958
1959
1960
2044
2045
2046
2047
2048
2049
2050
2051
2052
2053
2054
2055
2056
2057
2058
2059
2060
2061
2062
2071
2072
2073
2074
2075
2076
2077
2078
2079
2142
2143
2144
2145
2146
2147
2148
2149
2150
2151
2152
2153
2154
2155
2156
2157
2158
2159
2160
2161
2162
2163
2164
2171
2172
2173
2174
2175
2176
2177
2178
2179
2241
2242
2243
2244
2245
2246
2247
2248
2249
2250
2251
2252
2253
2254
2255
2256
2257
2258
2259
2260
2261
2262
2263
2264
2265
2271
2272
2273
2274
2275
2276
2277
2278
2279
2340
2341
2342
2343
2344
2345
2346
2347
2348
2349
2350
2351
2352
2353
2354
2355
2356
2357
2358
2359
2360
2361
2362
2363
2364
2365
2366
2371
2372
2373
2374
2375
2376
2377
2378
2379
2439
2440
2441
2442
2443
2444
2445
2446
2447
2448
2449
2450
2451
2452
2453
2454
2455
2456
2457
2458
2459
2460
2461
2462
2463
2464
2465
2466
2467
2471
2472
2473
2474
2475
2476
2477
2478
2479
2538
2539
2540
2541
2542
2543
2544
2545
2546
2547
2548
2549
2550
2551
2552
2553
2554
2555
2556
2557
2558
2559
2560
2561
2562
2563
2564
2565
2566
2567
2568
2571
2572
2573
2574
2575
2576
2577
2578
2579
2637
2638
2639
2640
2641
2642
2643
2644
2645
2646
2647
2648
2649
2650
2661
2662
2663
2664
2665
2666
2667
2668
2669
2671
2672
2673
2674
2675
2676
2677
2678
2679
2736
2737
2738
2739
2740
2741
2742
2743
2744
2745
2746
2747
2748
2763
2764
2765
2766
2767
2768
2769
2771
2772
2773
2774
2775
2776
2777
2778
2779
2836
2837
2838
2839
2840
2841
2842
2843
2844
2845
2846
2865
2866
2867
2868
2869
2870
2871
2872
2873
2874
2875
2876
2877
2878
2879
2935
2936
2937
2938
2939
2940
2941
2942
2943
2944
2945
2966
2967
2968
2969
2970
2971
2972
2973
2974
2975
2976
2977
2978
2979
3034
3035
3036
3037
3038
3039
3040
3041
3042
3043
3044
3067
3068
3069
3070
3071
3072
3073
3074
3075
3076
3077
3078
3079
3134
3135
3136
3137
3138
3139
3140
3141
3142
3143
3144
3167
3168
3169
3170
3171
3172
3173
3174
3175
3176
3177
3178
3179
3234
3235
3236
3237
3238
3239
3240
3241
3242
3243
3268
3269
3270
3271
3272
3273
3274
3275
3276
3277
3278
3279
3333
3334
3335
3336
3337
3338
3339
3340
3341
3342
3369
3370
3371
3372
3373
3374
3375
3376
3377
3378
3379
3433
3434
3435
3436
3437
3438
3439
3440
3441
3442
3469
3470
3471
3472
3473
3474
3475
3476
3477
3478
3479
3533
3534
3535
3536
3537
3538
3539
3540
3541
3542
3569
3570
3571
3572
3573
3574
3575
3576
3577
3578
3579
3632
3633
3634
3635
3636
3637
3638
3639
3640
3641
3670
3671
3672
3673
3674
3675
3676
3677
3678
3679
3732
3733
3734
3735
3736
3737
3738
3739
3740
3741
3770
3771
3772
3773
3774
3775
3776
3777
3778
3779
3832
3833
3834
3835
3836
3837
3838
3839
3840
3841
3870
3871
3872
3873
3874
3875
3876
3877
3878
3879
3932
3933
3934
3935
3936
3937
3938
3939
3940
3971
3972
3973
3974
3975
3976
3977
3978
3979
4032
4033
4034
4035
4036
4037
4038
4039
4040
4071
4072
4073
4074
4075
4076
4077
4078
4079
4132
4133
4134
4135
4136
4137
4138
4139
4140
4171
4172
4173
4174
4175
4176
4177
4178
4179
4231
4232
4233
4234
4235
4236
4237
4238
4239
4240
4271
4272
4273
4274
4275
4276
4277
4278
4279
4331
4332
4333
4334
4335
4336
4337
4338
4339
4340
4371
4372
4373
4374
4375
4376
4377
4378
4379
4431
4432
4433
4434
4435
4436
4437
4438
4439
4440
4471
4472
4473
4474
4475
4476
4477
4478
4479
4531
4532
4533
4534
4535
4536
4537
4538
4539
4540
4571
4572
4573
4574
4575
4576
4577
4578
4579
4631
4632
4633
4634
4635
4636
4637
4638
4639
4640
4671
4672
4673
4674
4675
4676
4677
4678
4679
4731
4732
4733
4734
4735
4736
4737
4738
4739
4740
4771
4772
4773
4774
4775
4776
4777
4778
4779
4831
4832
4833
4834
4835
4836
4837
4838
4839
4840
4871
4872
4873
4874
4875
4876
4877
4878
4879
4931
4932
4933
4934
4935
4936
4937
4938
4939
4940
4971
4972
4973
4974
4975
4976
4977
4978
4979
5031
5032
5033
5034
5035
5036
5037
5038
5039
5040
5071
5072
5073
5074
5075
5076
5077
5078
5079
5132
5133
5134
5135
5136
5137
5138
5139
5140
5171
5172
5173
5174
5175
5176
5177
5178
5179
5232
5233
5234
5235
5236
5237
5238
5239
5240
5271
5272
5273
5274
5275
5276
5277
5278
5279
5332
5333
5334
5335
5336
5337
5338
5339
5340
5371
5372
5373
5374
5375
5376
5377
5378
5379
5432
5433
5434
5435
5436
5437
5438
5439
5440
5441
5470
5471
5472
5473
5474
5475
5476
5477
5478
5479
5532
5533
5534
5535
5536
5537
5538
5539
5540
5541
5570
5571
5572
5573
5574
5575
5576
5577
5578
5579
5632
5633
5634
5635
5636
5637
5638
5639
5640
5641
5670
5671
5672
5673
5674
5675
5676
5677
5678
5679
5733
5734
5735
5736
5737
5738
5739
5740
5741
5742
5769
5770
5771
5772
5773
5774
5775
5776
5777
5778
5779
5833
5834
5835
5836
5837
5838
5839
5840
5841
5842
5869
5870
5871
5872
5873
5874
5875
5876
5877
5878
5879
5933
5934
5935
5936
5937
5938
5939
5940
5941
5942
5969
5970
5971
5972
5973
5974
5975
5976
5977
5978
5979
6034
6035
6036
6037
6038
6039
6040
6041
6042
6043
6068
6069
6070
6071
6072
6073
6074
6075
6076
6077
6078
6079
6134
6135
6136
6137
6138
6139
6140
6141
6142
6143
6144
6167
6168
6169
6170
6171
6172
6173
6174
6175
6176
6177
6178
6179
6234
6235
6236
6237
6238
6239
6240
6241
6242
6243
6244
6267
6268
6269
6270
6271
6272
6273
6274
6275
6276
6277
6278
6279
6335
6336
6337
6338
6339
6340
6341
6342
6343
6344
6345
6366
6367
6368
6369
6370
6371
6372
6373
6374
6375
6376
6377
6378
6379
6436
6437
6438
6439
6440
6441
6442
6443
6444
6445
6446
6464
6465
6466
6467
6468
6469
6470
6471
6472
6473
6474
6475
6476
6477
6478
6479
6536
6537
6538
6539
6540
6541
6542
6543
6544
6545
6546
6547
6548
6563
6564
6565
6566
6567
6568
6569
6571
6572
6573
6574
6575
6576
6577
6578
6579
6637
6638
6639
6640
6641
6642
6643
6644
6645
6646
6647
6648
6649
6650
6661
6662
6663
6664
6665
6666
6667
6668
6669
6671
6672
6673
6674
6675
6676
6677
6678
6679
6738
6739
6740
6741
6742
6743
6744
6745
6746
6747
6748
6749
6750
6751
6752
6753
6754
6755
6756
6757
6758
6759
6760
6761
6762
6763
6764
6765
6766
6767
6768
6771
6772
6773
6774
6775
6776
6777
6778
6779
6839
6840
6841
6842
6843
6844
6845
6846
6847
6848
6849
6850
6851
6852
6853
6854
6855
6856
6857
6858
6859
6860
6861
6862
6863
6864
6865
6866
6867
6871
6872
6873
6874
6875
6876
6877
6878
6879
6940
6941
6942
6943
6944
6945
6946
6947
6948
6949
6950
6951
6952
6953
6954
6955
6956
6957
6958
6959
6960
6961
6962
6963
6964
6965
6966
6971
6972
6973
6974
6975
6976
6977
6978
6979
7041
7042
7043
7044
7045
7046
7047
7048
7049
7050
7051
7052
7053
7054
7055
7056
7057
7058
7059
7060
7061
7062
7063
7064
7065
7071
7072
7073
7074
7075
7076
7077
7078
7079
7142
7143
7144
7145
7146
7147
7148
7149
7150
7151
7152
7153
7154
7155
7156
7157
7158
7159
7160
7161
7162
7163
7164
7171
7172
7173
7174
7175
7176
7177
7178
7179
7244
7245
7246
7247
7248
7249
7250
7251
7252
7253
7254
7255
7256
7257
7258
7259
7260
7261
7262
7271
7272
7273
7274
7275
7276
7277
7278
7279
7346
7347
7348
7349
7350
7351
7352
7353
7354
7355
7356
7357
7358
7359
7360
7371
7372
7373
7374
7375
7376
7377
7378
7450
7451
7452
7453
7454
7455
7456
7471
7472
7473
7474
7475
7476
7477
7478
7571
7572
7573
7574
7575
7576
7577
7578
7670
7671
7672
7673
7674
7675
7676
7677
7678
7714
7715
7716
7728
7729
7730
7770
7771
7772
7773
7774
7775
7776
7777
7778
7813
7814
7815
7816
7826
7827
7828
7829
7830
7831
7832
7870
7871
7872
7873
7874
7875
7876
7877
7878
7912
7913
7915
7916
7925
7926
7932
7933
7969
7970
7971
7972
7973
7974
7975
7976
7977
8012
8015
8016
8024
8025
8033
8034
8069
8070
8071
8072
8073
8074
8075
8076
8077
8111
8112
8115
8116
8124
8125
8133
8134
8168
8169
8170
8171
8172
8173
8174
8175
8176
8177
8210
8211
8215
8216
8224
8234
8268
8269
8270
8271
8272
8273
8274
8275
8276
8310
8315
8316
8323
8324
8334
8335
8367
8368
8369
8370
8371
8372
8373
8374
8375
8376
8409
8410
8415
8416
8423
8424
8434
8435
8438
8466
8467
8468
8469
8470
8471
8472
8473
8474
8475
8476
8508
8509
8515
8516
8523
8524
8534
8535
8538
8539
8540
8564
8565
8566
8567
8568
8569
8570
8571
8572
8573
8574
8575
8608
8615
8616
8623
8624
8634
8635
8638
8639
8640
8641
8642
8663
8664
8665
8666
8667
8668
8669
8670
8671
8672
8673
8674
8707
8708
8715
8716
8723
8724
8734
8735
8738
8739
8740
8741
8742
8743
8744
8745
8746
8760
8761
8762
8763
8764
8765
8766
8767
8768
8769
8770
8771
8772
8773
8774
8806
8807
8815
8816
8823
8824
8834
8835
8838
8839
8840
8841
8842
8843
8844
8845
8846
8847
8848
8849
8850
8851
8852
8853
8854
8855
8856
8857
8858
8859
8860
8861
8862
8863
8864
8865
8866
8867
8868
8869
8870
8871
8872
8873
8906
8907
8908
8909
8910
8911
8912
8913
8914
8915
8916
8917
8918
8919
8924
8934
8938
8939
8940
8941
8942
8943
8944
8945
8946
8947
8948
8949
8950
8951
8952
8953
8954
8955
8956
8957
8958
8959
8960
8961
8962
8963
8964
8965
8966
8967
8968
8969
8970
8971
8972
9006
9007
9008
9009
9010
9011
9012
9013
9014
9015
9016
9017
9018
9019
9024
9025
9033
9034
9038
9039
9040
9041
9042
9043
9044
9045
9046
9047
9048
9049
9050
9051
9052
9053
9054
9055
9056
9057
9058
9059
9060
9061
9062
9063
9064
9065
9066
9067
9068
9069
9070
9071
9115
9116
9124
9125
9133
9134
9138
9139
9140
9141
9142
9143
9144
9145
9146
9147
9148
9149
9150
9151
9152
9153
9154
9155
9156
9157
9158
9159
9160
9161
9162
9163
9164
9165
9166
9167
9168
9169
9170
9215
9216
9225
9226
9232
9233
9238
9239
9240
9241
9242
9243
9244
9245
9246
9247
9248
9249
9250
9251
9252
9253
9254
9255
9256
9257
9258
9259
9260
9261
9262
9263
9264
9265
9266
9267
9268
9315
9316
9326
9327
9328
9329
9330
9331
9332
9340
9341
9342
9343
9344
9345
9346
9347
9348
9349
9350
9351
9352
9353
9354
9355
9356
9357
9358
9359
9360
9361
9362
9363
9364
9365
9366
9415
9416
9428
9429
9430
9444
9445
9446
9447
9448
9449
9450
9451
9452
9453
9454
9455
9456
9457
9458
9459
9460
9461
9462
9463
9550
9551
9552
9553
9554
9555
9556
9557
9558
