253
254
255
256
257
258
259
260
261
262
263
348
349
350
351
352
353
354
355
356
357
358
359
360
361
362
363
444
445
446
447
448
449
450
451
452
453
454
455
456
457
458
459
460
461
462
463
539
540
541
542
543
544
545
546
547
548
549
550
551
552
553
554
555
556
557
558
559
560
561
562
563
636
637
638
639
640
641
642
643
644
645
646
647
648
649
650
651
652
653
654
655
656
657
658
659
660
661
662
663
736
737
738
739
740
741
742
743
744
745
746
747
748
749
750
751
752
753
754
755
756
757
758
759
760
761
762
763
836
837
838
839
840
841
842
843
844
845
846
847
848
849
850
851
852
853
854
855
856
857
858
859
860
861
862
863
936
937
938
939
940
941
942
943
944
945
946
947
948
949
950
951
952
953
954
955
956
957
958
959
960
961
962
963
1036
1037
1038
1039
1040
1041
1042
1043
1044
1045
1046
1047
1048
1049
1050
1054
1055
1056
1057
1058
1059
1060
1061
1062
1063
1136
1137
1138
1139
1140
1141
1142
1143
1144
1145
1154
1155
1156
1157
1158
1159
1160
1161
1162
1163
1236
1237
1238
1239
1240
1241
1254
1255
1256
1257
1258
1259
1260
1261
1262
1263
1336
1354
1355
1356
1357
1358
1359
1360
1361
1362
1363
1454
1455
1456
1457
1458
1459
1460
1461
1462
1463
1554
1555
1556
1557
1558
1559
1560
1561
1562
1563
1654
1655
1656
1657
1658
1659
1660
1661
1662
1663
1754
1755
1756
1757
1758
1759
1760
1761
1762
1763
1854
1855
1856
1857
1858
1859
1860
1861
1862
1863
1954
1955
1956
1957
1958
1959
1960
1961
1962
1963
2054
2055
2056
2057
2058
2059
2060
2061
2062
2063
2154
2155
2156
2157
2158
2159
2160
2161
2162
2163
2254
2255
2256
2257
2258
2259
2260
2261
2262
2263
2354
2355
2356
2357
2358
2359
2360
2361
2362
2363
2454
2455
2456
2457
2458
2459
2460
2461
2462
2463
2554
2555
2556
2557
2558
2559
2560
2561
2562
2563
2654
2655
2656
2657
2658
2659
2660
2661
2662
2663
2754
2755
2756
2757
2758
2759
2760
2761
2762
2763
2854
2855
2856
2857
2858
2859
2860
2861
2862
2863
2954
2955
2956
2957
2958
2959
2960
2961
2962
2963
3054
3055
3056
3057
3058
3059
3060
3061
3062
3063
3154
3155
3156
3157
3158
3159
3160
3161
3162
3163
3254
3255
3256
3257
3258
3259
3260
3261
3262
3263
3354
3355
3356
3357
3358
3359
3360
3361
3362
3363
3454
3455
3456
3457
3458
3459
3460
3461
3462
3463
3554
3555
3556
3557
3558
3559
3560
3561
3562
3563
3654
3655
3656
3657
3658
3659
3660
3661
3662
3663
3754
3755
3756
3757
3758
3759
3760
3761
3762
3763
3854
3855
3856
3857
3858
3859
3860
3861
3862
3863
3954
3955
3956
3957
3958
3959
3960
3961
3962
3963
4054
4055
4056
4057
4058
4059
4060
4061
4062
4063
4154
4155
4156
4157
4158
4159
4160
4161
4162
4163
4254
4255
4256
4257
4258
4259
4260
4261
4262
4263
4354
4355
4356
4357
4358
4359
4360
4361
4362
4363
4454
4455
4456
4457
4458
4459
4460
4461
4462
4463
4554
4555
4556
4557
4558
4559
4560
4561
4562
4563
4654
4655
4656
4657
4658
4659
4660
4661
4662
4663
4754
4755
4756
4757
4758
4759
4760
4761
4762
4763
4854
4855
4856
4857
4858
4859
4860
4861
4862
4863
4954
4955
4956
4957
4958
4959
4960
4961
4962
4963
5054
5055
5056
5057
5058
5059
5060
5061
5062
5063
5154
5155
5156
5157
5158
5159
5160
5161
5162
5163
5254
5255
5256
5257
5258
5259
5260
5261
5262
5263
5354
5355
5356
5357
5358
5359
5360
5361
5362
5363
5454
5455
5456
5457
5458
5459
5460
5461
5462
5463
5554
5555
5556
5557
5558
5559
5560
5561
5562
5563
5654
5655
5656
5657
5658
5659
5660
5661
5662
5663
5754
5755
5756
5757
5758
5759
5760
5761
5762
5763
5854
5855
5856
5857
5858
5859
5860
5861
5862
5863
5954
5955
5956
5957
5958
5959
5960
5961
5962
5963
6054
6055
6056
6057
6058
6059
6060
6061
6062
6063
6154
6155
6156
6157
6158
6159
6160
6161
6162
6163
6254
6255
6256
6257
6258
6259
6260
6261
6262
6263
6354
6355
6356
6357
6358
6359
6360
6361
6362
6363
6454
6455
6456
6457
6458
6459
6460
6461
6462
6463
6554
6555
6556
6557
6558
6559
6560
6561
6562
6563
6654
6655
6656
6657
6658
6659
6660
6661
6662
6663
6738
6739
6740
6741
6742
6743
6744
6745
6746
6747
6748
6749
6750
6751
6752
6753
6754
6755
6756
6757
6758
6759
6760
6761
6762
6763
6764
6765
6766
6767
6768
6769
6770
6771
6772
6773
6774
6775
6776
6777
6778
6779
6838
6839
6840
6841
6842
6843
6844
6845
6846
6847
6848
6849
6850
6851
6852
6853
6854
6855
6856
6857
6858
6859
6860
6861
6862
6863
6864
6865
6866
6867
6868
6869
6870
6871
6872
6873
6874
6875
6876
6877
6878
6879
6938
6939
6940
6941
6942
6943
6944
6945
6946
6947
6948
6949
6950
6951
6952
6953
6954
6955
6956
6957
6958
6959
6960
6961
6962
6963
6964
6965
6966
6967
6968
6969
6970
6971
6972
6973
6974
6975
6976
6977
6978
6979
7038
7039
7040
7041
7042
7043
7044
7045
7046
7047
7048
7049
7050
7051
7052
7053
7054
7055
7056
7057
7058
7059
7060
7061
7062
7063
7064
7065
7066
7067
7068
7069
7070
7071
7072
7073
7074
7075
7076
7077
7078
7079
7138
7139
7140
7141
7142
7143
7144
7145
7146
7147
7148
7149
7150
7151
7152
7153
7154
7155
7156
7157
7158
7159
7160
7161
7162
7163
7164
7165
7166
7167
7168
7169
7170
7171
7172
7173
7174
7175
7176
7177
7178
7179
7238
7239
7240
7241
7242
7243
7244
7245
7246
7247
7248
7249
7250
7251
7252
7253
7254
7255
7256
7257
7258
7259
7260
7261
7262
7263
7264
7265
7266
7267
7268
7269
7270
7271
7272
7273
7274
7275
7276
7277
7278
7279
7338
7339
7340
7341
7342
7343
7344
7345
7346
7347
7348
7349
7350
7351
7352
7353
7354
7355
7356
7357
7358
7359
7360
7361
7362
7363
7364
7365
7366
7367
7368
7369
7370
7371
7372
7373
7374
7375
7376
7377
7378
7379
7438
7439
7440
7441
7442
7443
7444
7445
7446
7447
7448
7449
7450
7451
7452
7453
7454
7455
7456
7457
7458
7459
7460
7461
7462
7463
7464
7465
7466
7467
7468
7469
7470
7471
7472
7473
7474
7475
7476
7477
7478
7479
7710
7711
7712
7713
7724
7725
7726
7727
7728
7729
7730
7731
7732
7733
7807
7808
7809
7810
7811
7812
7813
7814
7815
7824
7825
7826
7827
7828
7829
7830
7831
7832
7833
7907
7908
7915
7916
7924
7925
8016
8017
8024
8025
8116
8117
8124
8125
8216
8217
8224
8225
8316
8317
8324
8325
8326
8327
8328
8329
8415
8416
8424
8425
8426
8427
8428
8429
8430
8431
8432
8515
8516
8524
8531
8532
8533
8614
8615
8632
8633
8713
8714
8733
8734
8812
8813
8833
8834
8911
8912
8933
8934
9010
9011
9033
9034
9109
9110
9132
9133
9208
9209
9223
9231
9232
9233
9307
9308
9309
9310
9311
9312
9313
9314
9315
9316
9317
9323
9324
9325
9326
9327
9328
9329
9330
9331
9332
9407
9408
9409
9410
9411
9412
9413
9414
9415
9416
9417
9426
9427
9428
9429
