1849
1850
1851
1852
1853
1854
1855
1856
1857
1945
1946
1947
1948
1949
1950
1951
1952
1953
1954
1955
1956
1957
1958
1959
1960
1961
1962
2041
2042
2043
2044
2045
2046
2047
2048
2049
2050
2051
2052
2053
2054
2055
2056
2057
2058
2059
2060
2061
2062
2063
2064
2139
2140
2141
2142
2143
2144
2145
2146
2147
2148
2149
2150
2151
2152
2153
2154
2155
2156
2157
2158
2159
2160
2161
2162
2163
2164
2165
2166
2237
2238
2239
2240
2241
2242
2243
2244
2245
2246
2247
2248
2249
2250
2251
2252
2253
2254
2255
2256
2257
2258
2259
2260
2261
2262
2263
2264
2265
2266
2267
2268
2335
2336
2337
2338
2339
2340
2341
2342
2343
2344
2345
2346
2347
2348
2349
2350
2351
2352
2353
2354
2355
2356
2357
2358
2359
2360
2361
2362
2363
2364
2365
2366
2367
2368
2369
2435
2436
2437
2438
2439
2440
2441
2442
2443
2444
2445
2446
2447
2448
2449
2450
2451
2452
2453
2454
2455
2456
2457
2458
2459
2460
2461
2462
2463
2464
2465
2466
2467
2468
2469
2470
2535
2536
2537
2538
2539
2540
2541
2542
2543
2544
2545
2546
2547
2548
2549
2550
2551
2552
2553
2554
2555
2556
2557
2558
2559
2560
2561
2562
2563
2564
2565
2566
2567
2568
2569
2570
2571
2635
2636
2637
2638
2639
2640
2641
2642
2643
2644
2645
2658
2659
2660
2661
2662
2663
2664
2665
2666
2667
2668
2669
2670
2671
2672
2735
2736
2737
2738
2739
2740
2741
2761
2762
2763
2764
2765
2766
2767
2768
2769
2770
2771
2772
2835
2836
2837
2838
2863
2864
2865
2866
2867
2868
2869
2870
2871
2872
2873
2935
2936
2964
2965
2966
2967
2968
2969
2970
2971
2972
2973
3065
3066
3067
3068
3069
3070
3071
3072
3073
3074
3166
3167
3168
3169
3170
3171
3172
3173
3174
3267
3268
3269
3270
3271
3272
3273
3274
3367
3368
3369
3370
3371
3372
3373
3374
3375
3467
3468
3469
3470
3471
3472
3473
3474
3475
3568
3569
3570
3571
3572
3573
3574
3575
3668
3669
3670
3671
3672
3673
3674
3675
3768
3769
3770
3771
3772
3773
3774
3775
3868
3869
3870
3871
3872
3873
3874
3875
3876
3968
3969
3970
3971
3972
3973
3974
3975
3976
4050
4051
4052
4053
4054
4055
4056
4057
4058
4059
4060
4061
4062
4063
4064
4065
4066
4067
4068
4069
4070
4071
4072
4073
4074
4075
4076
4144
4145
4146
4147
4148
4149
4150
4151
4152
4153
4154
4155
4156
4157
4158
4159
4160
4161
4162
4163
4164
4165
4166
4167
4168
4169
4170
4171
4172
4173
4174
4175
4176
4242
4243
4244
4245
4246
4247
4248
4249
4250
4251
4252
4253
4254
4255
4256
4257
4258
4259
4260
4261
4262
4263
4264
4265
4266
4267
4268
4269
4270
4271
4272
4273
4274
4275
4276
4339
4340
4341
4342
4343
4344
4345
4346
4347
4348
4349
4350
4351
4352
4353
4354
4355
4356
4357
4358
4359
4360
4361
4362
4363
4364
4365
4366
4367
4368
4369
4370
4371
4372
4373
4374
4375
4376
4438
4439
4440
4441
4442
4443
4444
4445
4446
4447
4448
4449
4450
4451
4452
4453
4454
4455
4456
4457
4458
4459
4460
4461
4462
4463
4464
4465
4466
4467
4468
4469
4470
4471
4472
4473
4474
4475
4476
4537
4538
4539
4540
4541
4542
4543
4544
4545
4546
4547
4548
4549
4550
4551
4552
4553
4554
4555
4556
4557
4558
4559
4560
4561
4562
4563
4564
4565
4566
4567
4568
4569
4570
4571
4572
4573
4574
4575
4576
4635
4636
4637
4638
4639
4640
4641
4642
4643
4644
4645
4646
4647
4648
4649
4650
4651
4652
4653
4654
4655
4656
4657
4658
4659
4660
4661
4662
4663
4664
4665
4666
4667
4668
4669
4670
4671
4672
4673
4674
4675
4676
4735
4736
4737
4738
4739
4740
4741
4742
4743
4744
4745
4746
4747
4748
4768
4769
4770
4771
4772
4773
4774
4775
4776
4834
4835
4836
4837
4838
4839
4840
4841
4842
4843
4844
4845
4868
4869
4870
4871
4872
4873
4874
4875
4876
4933
4934
4935
4936
4937
4938
4939
4940
4941
4942
4943
4968
4969
4970
4971
4972
4973
4974
4975
4976
5033
5034
5035
5036
5037
5038
5039
5040
5041
5068
5069
5070
5071
5072
5073
5074
5075
5076
5132
5133
5134
5135
5136
5137
5138
5139
5140
5141
5168
5169
5170
5171
5172
5173
5174
5175
5176
5232
5233
5234
5235
5236
5237
5238
5239
5240
5268
5269
5270
5271
5272
5273
5274
5275
5276
5332
5333
5334
5335
5336
5337
5338
5339
5368
5369
5370
5371
5372
5373
5374
5375
5376
5432
5433
5434
5435
5436
5437
5438
5439
5468
5469
5470
5471
5472
5473
5474
5475
5476
5531
5532
5533
5534
5535
5536
5537
5538
5539
5567
5568
5569
5570
5571
5572
5573
5574
5575
5576
5631
5632
5633
5634
5635
5636
5637
5638
5639
5667
5668
5669
5670
5671
5672
5673
5674
5675
5676
5731
5732
5733
5734
5735
5736
5737
5738
5739
5767
5768
5769
5770
5771
5772
5773
5774
5775
5776
5831
5832
5833
5834
5835
5836
5837
5838
5839
5866
5867
5868
5869
5870
5871
5872
5873
5874
5875
5876
5931
5932
5933
5934
5935
5936
5937
5938
5939
5966
5967
5968
5969
5970
5971
5972
5973
5974
5975
5976
6031
6032
6033
6034
6035
6036
6037
6038
6039
6065
6066
6067
6068
6069
6070
6071
6072
6073
6074
6075
6076
6131
6132
6133
6134
6135
6136
6137
6138
6139
6165
6166
6167
6168
6169
6170
6171
6172
6173
6174
6175
6176
6232
6233
6234
6235
6236
6237
6238
6239
6240
6264
6265
6266
6267
6268
6269
6270
6271
6272
6273
6274
6275
6276
6332
6333
6334
6335
6336
6337
6338
6339
6340
6363
6364
6365
6366
6367
6368
6369
6370
6371
6372
6373
6374
6375
6376
6432
6433
6434
6435
6436
6437
6438
6439
6440
6441
6462
6463
6464
6465
6466
6467
6468
6469
6470
6471
6472
6473
6474
6475
6476
6532
6533
6534
6535
6536
6537
6538
6539
6540
6541
6542
6561
6562
6563
6564
6565
6566
6567
6568
6569
6570
6571
6572
6573
6574
6575
6576
6633
6634
6635
6636
6637
6638
6639
6640
6641
6642
6643
6644
6659
6660
6661
6662
6663
6664
6665
6666
6668
6669
6670
6671
6672
6673
6674
6675
6676
6733
6734
6735
6736
6737
6738
6739
6740
6741
6742
6743
6744
6745
6746
6757
6758
6759
6760
6761
6762
6763
6764
6765
6766
6768
6769
6770
6771
6772
6773
6774
6775
6776
6834
6835
6836
6837
6838
6839
6840
6841
6842
6843
6844
6845
6846
6847
6848
6849
6850
6851
6852
6853
6854
6855
6856
6857
6858
6859
6860
6861
6862
6863
6864
6865
6868
6869
6870
6871
6872
6873
6874
6875
6876
6935
6936
6937
6938
6939
6940
6941
6942
6943
6944
6945
6946
6947
6948
6949
6950
6951
6952
6953
6954
6955
6956
6957
6958
6959
6960
6961
6962
6963
6964
6968
6969
6970
6971
6972
6973
6974
6975
6976
7035
7036
7037
7038
7039
7040
7041
7042
7043
7044
7045
7046
7047
7048
7049
7050
7051
7052
7053
7054
7055
7056
7057
7058
7059
7060
7061
7062
7063
7068
7069
7070
7071
7072
7073
7074
7075
7076
7136
7137
7138
7139
7140
7141
7142
7143
7144
7145
7146
7147
7148
7149
7150
7151
7152
7153
7154
7155
7156
7157
7158
7159
7160
7161
7162
7168
7169
7170
7171
7172
7173
7174
7175
7176
7238
7239
7240
7241
7242
7243
7244
7245
7246
7247
7248
7249
7250
7251
7252
7253
7254
7255
7256
7257
7258
7259
7260
7261
7268
7269
7270
7271
7272
7273
7274
7275
7276
7339
7340
7341
7342
7343
7344
7345
7346
7347
7348
7349
7350
7351
7352
7353
7354
7355
7356
7357
7358
7359
7368
7369
7370
7371
7372
7373
7374
7375
7376
7442
7443
7444
7445
7446
7447
7448
7449
7450
7451
7452
7453
7454
7455
7456
7457
7468
7469
7470
7471
7472
7473
7474
7475
7476
7546
7547
7548
7549
7550
7551
7552
7710
7711
7712
7713
7729
7730
7731
7732
7807
7808
7809
7810
7811
7812
7813
7814
7815
7827
7828
7829
7830
7831
7832
7833
7834
7907
7908
7915
7916
7925
7926
7927
7934
8016
8017
8025
8116
8117
8124
8125
8216
8217
8224
8316
8317
8323
8324
8328
8329
8330
8331
8415
8416
8423
8424
8426
8427
8428
8429
8430
8431
8432
8433
8515
8516
8523
8524
8525
8526
8527
8532
8533
8534
8614
8615
8623
8624
8625
8633
8634
8713
8714
8723
8724
8725
8734
8735
8812
8813
8823
8824
8825
8834
8835
8911
8912
8924
8925
8934
8935
9010
9011
9024
9025
9034
9035
9109
9110
9124
9125
9126
9133
9134
9208
9209
9225
9226
9227
9232
9233
9234
9307
9308
9309
9310
9311
9312
9313
9314
9315
9316
9317
9326
9327
9328
9329
9330
9331
9332
9333
9407
9408
9409
9410
9411
9412
9413
9414
9415
9416
9417
9428
9429
9430
9431
