260
261
262
263
264
265
266
267
268
269
270
271
272
360
361
362
363
364
365
366
367
368
369
370
371
372
459
460
461
462
463
464
465
466
467
468
469
470
471
472
558
559
560
561
562
563
564
565
566
567
568
569
570
571
572
658
659
660
661
662
663
664
665
666
667
668
669
670
671
672
757
758
759
760
761
762
763
764
765
766
767
768
769
770
771
772
856
857
858
859
860
861
862
863
864
865
866
867
868
869
870
871
872
956
957
958
959
960
961
962
963
964
965
966
967
968
969
970
971
972
1055
1056
1057
1058
1059
1060
1061
1062
1063
1064
1065
1066
1067
1068
1069
1070
1071
1072
1155
1156
1157
1158
1159
1160
1161
1163
1164
1165
1166
1167
1168
1169
1170
1171
1172
1254
1255
1256
1257
1258
1259
1260
1261
1263
1264
1265
1266
1267
1268
1269
1270
1271
1272
1353
1354
1355
1356
1357
1358
1359
1360
1363
1364
1365
1366
1367
1368
1369
1370
1371
1372
1453
1454
1455
1456
1457
1458
1459
1463
1464
1465
1466
1467
1468
1469
1470
1471
1472
1552
1553
1554
1555
1556
1557
1558
1559
1563
1564
1565
1566
1567
1568
1569
1570
1571
1572
1651
1652
1653
1654
1655
1656
1657
1658
1663
1664
1665
1666
1667
1668
1669
1670
1671
1672
1751
1752
1753
1754
1755
1756
1757
1763
1764
1765
1766
1767
1768
1769
1770
1771
1772
1850
1851
1852
1853
1854
1855
1856
1857
1863
1864
1865
1866
1867
1868
1869
1870
1871
1872
1949
1950
1951
1952
1953
1954
1955
1956
1963
1964
1965
1966
1967
1968
1969
1970
1971
1972
2049
2050
2051
2052
2053
2054
2055
2056
2063
2064
2065
2066
2067
2068
2069
2070
2071
2072
2148
2149
2150
2151
2152
2153
2154
2155
2163
2164
2165
2166
2167
2168
2169
2170
2171
2172
2247
2248
2249
2250
2251
2252
2253
2254
2263
2264
2265
2266
2267
2268
2269
2270
2271
2272
2347
2348
2349
2350
2351
2352
2353
2354
2363
2364
2365
2366
2367
2368
2369
2370
2371
2372
2446
2447
2448
2449
2450
2451
2452
2453
2463
2464
2465
2466
2467
2468
2469
2470
2471
2472
2545
2546
2547
2548
2549
2550
2551
2552
2563
2564
2565
2566
2567
2568
2569
2570
2571
2572
2645
2646
2647
2648
2649
2650
2651
2652
2663
2664
2665
2666
2667
2668
2669
2670
2671
2672
2744
2745
2746
2747
2748
2749
2750
2751
2763
2764
2765
2766
2767
2768
2769
2770
2771
2772
2843
2844
2845
2846
2847
2848
2849
2850
2863
2864
2865
2866
2867
2868
2869
2870
2871
2872
2943
2944
2945
2946
2947
2948
2949
2950
2963
2964
2965
2966
2967
2968
2969
2970
2971
2972
3042
3043
3044
3045
3046
3047
3048
3049
3063
3064
3065
3066
3067
3068
3069
3070
3071
3072
3141
3142
3143
3144
3145
3146
3147
3148
3149
3163
3164
3165
3166
3167
3168
3169
3170
3171
3172
3241
3242
3243
3244
3245
3246
3247
3248
3263
3264
3265
3266
3267
3268
3269
3270
3271
3272
3340
3341
3342
3343
3344
3345
3346
3347
3363
3364
3365
3366
3367
3368
3369
3370
3371
3372
3439
3440
3441
3442
3443
3444
3445
3446
3447
3463
3464
3465
3466
3467
3468
3469
3470
3471
3472
3539
3540
3541
3542
3543
3544
3545
3546
3563
3564
3565
3566
3567
3568
3569
3570
3571
3572
3638
3639
3640
3641
3642
3643
3644
3645
3663
3664
3665
3666
3667
3668
3669
3670
3671
3672
3737
3738
3739
3740
3741
3742
3743
3744
3745
3763
3764
3765
3766
3767
3768
3769
3770
3771
3772
3837
3838
3839
3840
3841
3842
3843
3844
3863
3864
3865
3866
3867
3868
3869
3870
3871
3872
3936
3937
3938
3939
3940
3941
3942
3943
3963
3964
3965
3966
3967
3968
3969
3970
3971
3972
4035
4036
4037
4038
4039
4040
4041
4042
4043
4063
4064
4065
4066
4067
4068
4069
4070
4071
4072
4135
4136
4137
4138
4139
4140
4141
4142
4163
4164
4165
4166
4167
4168
4169
4170
4171
4172
4234
4235
4236
4237
4238
4239
4240
4241
4242
4263
4264
4265
4266
4267
4268
4269
4270
4271
4272
4333
4334
4335
4336
4337
4338
4339
4340
4341
4363
4364
4365
4366
4367
4368
4369
4370
4371
4372
4433
4434
4435
4436
4437
4438
4439
4440
4463
4464
4465
4466
4467
4468
4469
4470
4471
4472
4532
4533
4534
4535
4536
4537
4538
4539
4540
4563
4564
4565
4566
4567
4568
4569
4570
4571
4572
4632
4633
4634
4635
4636
4637
4638
4639
4663
4664
4665
4666
4667
4668
4669
4670
4671
4672
4731
4732
4733
4734
4735
4736
4737
4738
4763
4764
4765
4766
4767
4768
4769
4770
4771
4772
4830
4831
4832
4833
4834
4835
4836
4837
4838
4863
4864
4865
4866
4867
4868
4869
4870
4871
4872
4930
4931
4932
4933
4934
4935
4936
4937
4963
4964
4965
4966
4967
4968
4969
4970
4971
4972
5030
5031
5032
5033
5034
5035
5036
5037
5038
5039
5040
5041
5042
5043
5044
5045
5046
5047
5048
5049
5050
5051
5052
5053
5054
5055
5056
5057
5058
5059
5060
5061
5062
5063
5064
5065
5066
5067
5068
5069
5070
5071
5072
5073
5074
5075
5076
5077
5078
5079
5080
5081
5082
5130
5131
5132
5133
5134
5135
5136
5137
5138
5139
5140
5141
5142
5143
5144
5145
5146
5147
5148
5149
5150
5151
5152
5153
5154
5155
5156
5157
5158
5159
5160
5161
5162
5163
5164
5165
5166
5167
5168
5169
5170
5171
5172
5173
5174
5175
5176
5177
5178
5179
5180
5181
5182
5230
5231
5232
5233
5234
5235
5236
5237
5238
5239
5240
5241
5242
5243
5244
5245
5246
5247
5248
5249
5250
5251
5252
5253
5254
5255
5256
5257
5258
5259
5260
5261
5262
5263
5264
5265
5266
5267
5268
5269
5270
5271
5272
5273
5274
5275
5276
5277
5278
5279
5280
5281
5282
5330
5331
5332
5333
5334
5335
5336
5337
5338
5339
5340
5341
5342
5343
5344
5345
5346
5347
5348
5349
5350
5351
5352
5353
5354
5355
5356
5357
5358
5359
5360
5361
5362
5363
5364
5365
5366
5367
5368
5369
5370
5371
5372
5373
5374
5375
5376
5377
5378
5379
5380
5381
5382
5430
5431
5432
5433
5434
5435
5436
5437
5438
5439
5440
5441
5442
5443
5444
5445
5446
5447
5448
5449
5450
5451
5452
5453
5454
5455
5456
5457
5458
5459
5460
5461
5462
5463
5464
5465
5466
5467
5468
5469
5470
5471
5472
5473
5474
5475
5476
5477
5478
5479
5480
5481
5482
5530
5531
5532
5533
5534
5535
5536
5537
5538
5539
5540
5541
5542
5543
5544
5545
5546
5547
5548
5549
5550
5551
5552
5553
5554
5555
5556
5557
5558
5559
5560
5561
5562
5563
5564
5565
5566
5567
5568
5569
5570
5571
5572
5573
5574
5575
5576
5577
5578
5579
5580
5581
5582
5630
5631
5632
5633
5634
5635
5636
5637
5638
5639
5640
5641
5642
5643
5644
5645
5646
5647
5648
5649
5650
5651
5652
5653
5654
5655
5656
5657
5658
5659
5660
5661
5662
5663
5664
5665
5666
5667
5668
5669
5670
5671
5672
5673
5674
5675
5676
5677
5678
5679
5680
5681
5682
5730
5731
5732
5733
5734
5735
5736
5737
5738
5739
5740
5741
5742
5743
5744
5745
5746
5747
5748
5749
5750
5751
5752
5753
5754
5755
5756
5757
5758
5759
5760
5761
5762
5763
5764
5765
5766
5767
5768
5769
5770
5771
5772
5773
5774
5775
5776
5777
5778
5779
5780
5781
5782
5863
5864
5865
5866
5867
5868
5869
5870
5871
5872
5963
5964
5965
5966
5967
5968
5969
5970
5971
5972
6063
6064
6065
6066
6067
6068
6069
6070
6071
6072
6163
6164
6165
6166
6167
6168
6169
6170
6171
6172
6263
6264
6265
6266
6267
6268
6269
6270
6271
6272
6363
6364
6365
6366
6367
6368
6369
6370
6371
6372
6463
6464
6465
6466
6467
6468
6469
6470
6471
6472
6563
6564
6565
6566
6567
6568
6569
6570
6571
6572
6663
6664
6665
6666
6667
6668
6669
6670
6671
6672
6763
6764
6765
6766
6767
6768
6769
6770
6771
6772
6863
6864
6865
6866
6867
6868
6869
6870
6871
6872
6963
6964
6965
6966
6967
6968
6969
6970
6971
6972
7063
7064
7065
7066
7067
7068
7069
7070
7071
7072
7163
7164
7165
7166
7167
7168
7169
7170
7171
7172
7263
7264
7265
7266
7267
7268
7269
7270
7271
7272
7363
7364
7365
7366
7367
7368
7369
7370
7371
7372
7463
7464
7465
7466
7467
7468
7469
7470
7471
7472
7711
7712
7713
7730
7731
7732
7808
7809
7810
7811
7812
7813
7829
7830
7831
7832
7908
7912
7913
7928
7929
7931
7932
8012
8013
8028
8031
8032
8112
8113
8127
8128
8131
8132
8212
8213
8226
8227
8231
8232
8312
8313
8326
8331
8332
8412
8413
8425
8426
8431
8432
8512
8513
8524
8525
8531
8532
8612
8613
8624
8631
8632
8712
8713
8723
8724
8731
8732
8812
8813
8822
8823
8831
8832
8912
8913
8922
8923
8924
8925
8926
8927
8928
8929
8930
8931
8932
8933
8934
8935
9012
9013
9022
9023
9024
9025
9026
9027
9028
9029
9030
9031
9032
9033
9034
9035
9112
9113
9131
9132
9212
9213
9231
9232
9308
9309
9310
9311
9312
9313
9314
9315
9316
9317
9331
9332
9408
9409
9410
9411
9412
9413
9414
9415
9416
9417
9431
9432
