1854
1855
1856
1857
1858
1859
1860
1861
1949
1950
1951
1952
1953
1954
1955
1956
1957
1958
1959
1960
1961
1962
1963
1964
1965
1966
2046
2047
2048
2049
2050
2051
2052
2053
2054
2055
2056
2057
2058
2059
2060
2061
2062
2063
2064
2065
2066
2067
2068
2069
2144
2145
2146
2147
2148
2149
2150
2151
2152
2153
2154
2155
2156
2157
2158
2159
2160
2161
2162
2163
2164
2165
2166
2167
2168
2169
2170
2171
2242
2243
2244
2245
2246
2247
2248
2249
2250
2251
2252
2253
2254
2255
2256
2257
2258
2259
2260
2261
2262
2263
2264
2265
2266
2267
2268
2269
2270
2271
2272
2273
2341
2342
2343
2344
2345
2346
2347
2348
2349
2350
2351
2352
2353
2354
2355
2356
2357
2358
2359
2360
2361
2362
2363
2364
2365
2366
2367
2368
2369
2370
2371
2372
2373
2440
2441
2442
2443
2444
2445
2446
2447
2448
2449
2450
2451
2452
2453
2454
2455
2456
2457
2458
2459
2460
2461
2462
2463
2464
2465
2466
2467
2468
2469
2470
2471
2472
2473
2539
2540
2541
2542
2543
2544
2545
2546
2547
2548
2549
2550
2551
2552
2553
2554
2555
2556
2557
2558
2559
2560
2561
2562
2563
2564
2565
2566
2567
2568
2569
2570
2571
2572
2573
2638
2639
2640
2641
2642
2643
2644
2645
2646
2647
2648
2649
2650
2651
2652
2665
2666
2667
2668
2669
2670
2671
2672
2673
2737
2738
2739
2740
2741
2742
2743
2744
2745
2746
2747
2748
2749
2750
2769
2770
2771
2772
2773
2836
2837
2838
2839
2840
2841
2842
2843
2844
2845
2846
2847
2848
2871
2872
2873
2936
2937
2938
2939
2940
2941
2942
2943
2944
2945
2946
2947
2973
3035
3036
3037
3038
3039
3040
3041
3042
3043
3044
3045
3135
3136
3137
3138
3139
3140
3141
3142
3143
3144
3234
3235
3236
3237
3238
3239
3240
3241
3242
3243
3244
3334
3335
3336
3337
3338
3339
3340
3341
3342
3343
3433
3434
3435
3436
3437
3438
3439
3440
3441
3442
3533
3534
3535
3536
3537
3538
3539
3540
3541
3542
3633
3634
3635
3636
3637
3638
3639
3640
3641
3642
3732
3733
3734
3735
3736
3737
3738
3739
3740
3741
3832
3833
3834
3835
3836
3837
3838
3839
3840
3841
3932
3933
3934
3935
3936
3937
3938
3939
3940
3941
4032
4033
4034
4035
4036
4037
4038
4039
4040
4132
4133
4134
4135
4136
4137
4138
4139
4140
4231
4232
4233
4234
4235
4236
4237
4238
4239
4240
4331
4332
4333
4334
4335
4336
4337
4338
4339
4340
4431
4432
4433
4434
4435
4436
4437
4438
4439
4440
4531
4532
4533
4534
4535
4536
4537
4538
4539
4540
4631
4632
4633
4634
4635
4636
4637
4638
4639
4640
4731
4732
4733
4734
4735
4736
4737
4738
4739
4740
4831
4832
4833
4834
4835
4836
4837
4838
4839
4840
4931
4932
4933
4934
4935
4936
4937
4938
4939
4940
5031
5032
5033
5034
5035
5036
5037
5038
5039
5040
5131
5132
5133
5134
5135
5136
5137
5138
5139
5140
5232
5233
5234
5235
5236
5237
5238
5239
5240
5332
5333
5334
5335
5336
5337
5338
5339
5340
5432
5433
5434
5435
5436
5437
5438
5439
5440
5441
5532
5533
5534
5535
5536
5537
5538
5539
5540
5541
5632
5633
5634
5635
5636
5637
5638
5639
5640
5641
5733
5734
5735
5736
5737
5738
5739
5740
5741
5742
5833
5834
5835
5836
5837
5838
5839
5840
5841
5842
5933
5934
5935
5936
5937
5938
5939
5940
5941
5942
6034
6035
6036
6037
6038
6039
6040
6041
6042
6043
6134
6135
6136
6137
6138
6139
6140
6141
6142
6143
6144
6235
6236
6237
6238
6239
6240
6241
6242
6243
6244
6335
6336
6337
6338
6339
6340
6341
6342
6343
6344
6345
6436
6437
6438
6439
6440
6441
6442
6443
6444
6445
6446
6447
6473
6536
6537
6538
6539
6540
6541
6542
6543
6544
6545
6546
6547
6548
6571
6572
6573
6637
6638
6639
6640
6641
6642
6643
6644
6645
6646
6647
6648
6649
6650
6669
6670
6671
6672
6673
6738
6739
6740
6741
6742
6743
6744
6745
6746
6747
6748
6749
6750
6751
6752
6765
6766
6767
6768
6769
6770
6771
6772
6773
6839
6840
6841
6842
6843
6844
6845
6846
6847
6848
6849
6850
6851
6852
6853
6854
6855
6856
6857
6858
6859
6860
6861
6862
6863
6864
6865
6866
6867
6868
6869
6870
6871
6872
6873
6940
6941
6942
6943
6944
6945
6946
6947
6948
6949
6950
6951
6952
6953
6954
6955
6956
6957
6958
6959
6960
6961
6962
6963
6964
6965
6966
6967
6968
6969
6970
6971
6972
6973
7041
7042
7043
7044
7045
7046
7047
7048
7049
7050
7051
7052
7053
7054
7055
7056
7057
7058
7059
7060
7061
7062
7063
7064
7065
7066
7067
7068
7069
7070
7071
7072
7073
7142
7143
7144
7145
7146
7147
7148
7149
7150
7151
7152
7153
7154
7155
7156
7157
7158
7159
7160
7161
7162
7163
7164
7165
7166
7167
7168
7169
7170
7171
7172
7173
7244
7245
7246
7247
7248
7249
7250
7251
7252
7253
7254
7255
7256
7257
7258
7259
7260
7261
7262
7263
7264
7265
7266
7267
7268
7269
7270
7271
7346
7347
7348
7349
7350
7351
7352
7353
7354
7355
7356
7357
7358
7359
7360
7361
7362
7363
7364
7365
7366
7367
7368
7369
7449
7450
7451
7452
7453
7454
7455
7456
7457
7458
7459
7460
7461
7462
7463
7464
7465
7466
7554
7555
7556
7557
7558
7559
7560
7561
7711
7712
7713
7726
7727
7728
7729
7730
7808
7809
7810
7811
7812
7813
7824
7825
7826
7827
7828
7829
7830
7831
7832
7908
7912
7913
7924
7931
7932
8012
8013
8032
8033
8112
8113
8132
8133
8212
8213
8232
8233
8312
8313
8331
8332
8412
8413
8426
8427
8428
8429
8430
8431
8512
8513
8526
8527
8528
8529
8530
8531
8612
8613
8631
8632
8633
8712
8713
8733
8812
8813
8833
8834
8912
8913
8933
8934
9012
9013
9033
9034
9112
9113
9133
9212
9213
9223
9231
9232
9233
9308
9309
9310
9311
9312
9313
9314
9315
9316
9317
9323
9324
9325
9326
9327
9328
9329
9330
9331
9332
9408
9409
9410
9411
9412
9413
9414
9415
9416
9417
9426
9427
9428
9429
