47
48
49
50
51
52
53
54
142
143
144
145
146
147
148
149
150
151
152
153
154
155
156
157
158
239
240
241
242
243
244
245
246
247
248
249
250
251
252
253
254
255
256
257
258
259
260
261
337
338
339
340
341
342
343
344
345
346
347
348
349
350
351
352
353
354
355
356
357
358
359
360
361
362
435
436
437
438
439
440
441
442
443
444
445
446
447
448
449
450
451
452
453
454
455
456
457
458
459
460
461
462
463
464
533
534
535
536
537
538
539
540
541
542
543
544
545
546
547
548
549
550
551
552
553
554
555
556
557
558
559
560
561
562
563
564
565
632
633
634
635
636
637
638
639
640
641
642
643
644
645
646
647
648
649
650
651
652
653
654
655
656
657
658
659
660
661
662
663
664
665
666
732
733
734
735
736
737
738
739
740
741
742
743
744
745
746
747
748
749
750
751
752
753
754
755
756
757
758
759
760
761
762
763
764
765
766
767
832
833
834
835
836
837
838
839
840
841
842
843
854
855
856
857
858
859
860
861
862
863
864
865
866
867
932
933
934
935
936
937
938
939
940
956
957
958
959
960
961
962
963
964
965
966
967
968
1032
1033
1034
1035
1036
1037
1038
1058
1059
1060
1061
1062
1063
1064
1065
1066
1067
1068
1132
1133
1134
1135
1136
1159
1160
1161
1162
1163
1164
1165
1166
1167
1168
1169
1232
1233
1234
1260
1261
1262
1263
1264
1265
1266
1267
1268
1269
1332
1333
1360
1361
1362
1363
1364
1365
1366
1367
1368
1369
1461
1462
1463
1464
1465
1466
1467
1468
1469
1470
1561
1562
1563
1564
1565
1566
1567
1568
1569
1570
1661
1662
1663
1664
1665
1666
1667
1668
1669
1670
1761
1762
1763
1764
1765
1766
1767
1768
1769
1770
1861
1862
1863
1864
1865
1866
1867
1868
1869
1870
1961
1962
1963
1964
1965
1966
1967
1968
1969
1970
2061
2062
2063
2064
2065
2066
2067
2068
2069
2161
2162
2163
2164
2165
2166
2167
2168
2169
2260
2261
2262
2263
2264
2265
2266
2267
2268
2269
2360
2361
2362
2363
2364
2365
2366
2367
2368
2369
2459
2460
2461
2462
2463
2464
2465
2466
2467
2468
2558
2559
2560
2561
2562
2563
2564
2565
2566
2567
2568
2657
2658
2659
2660
2661
2662
2663
2664
2665
2666
2667
2757
2758
2759
2760
2761
2762
2763
2764
2765
2766
2856
2857
2858
2859
2860
2861
2862
2863
2864
2865
2866
2955
2956
2957
2958
2959
2960
2961
2962
2963
2964
2965
3054
3055
3056
3057
3058
3059
3060
3061
3062
3063
3064
3153
3154
3155
3156
3157
3158
3159
3160
3161
3162
3163
3252
3253
3254
3255
3256
3257
3258
3259
3260
3261
3262
3351
3352
3353
3354
3355
3356
3357
3358
3359
3360
3361
3450
3451
3452
3453
3454
3455
3456
3457
3458
3459
3460
3549
3550
3551
3552
3553
3554
3555
3556
3557
3558
3559
3648
3649
3650
3651
3652
3653
3654
3655
3656
3657
3658
3747
3748
3749
3750
3751
3752
3753
3754
3755
3756
3757
3847
3848
3849
3850
3851
3852
3853
3854
3855
3856
3946
3947
3948
3949
3950
3951
3952
3953
3954
3955
4046
4047
4048
4049
4050
4051
4052
4053
4054
4055
4145
4146
4147
4148
4149
4150
4151
4152
4153
4154
4245
4246
4247
4248
4249
4250
4251
4252
4253
4254
4345
4346
4347
4348
4349
4350
4351
4352
4353
4444
4445
4446
4447
4448
4449
4450
4451
4452
4453
4544
4545
4546
4547
4548
4549
4550
4551
4552
4553
4644
4645
4646
4647
4648
4649
4650
4651
4652
4653
4744
4745
4746
4747
4748
4749
4750
4751
4752
4753
4844
4845
4846
4847
4848
4849
4850
4851
4852
4853
4944
4945
4946
4947
4948
4949
4950
4951
4952
4953
5044
5045
5046
5047
5048
5049
5050
5051
5052
5053
5144
5145
5146
5147
5148
5149
5150
5151
5152
5153
5244
5245
5246
5247
5248
5249
5250
5251
5252
5253
5344
5345
5346
5347
5348
5349
5350
5351
5352
5353
5444
5445
5446
5447
5448
5449
5450
5451
5452
5453
5544
5545
5546
5547
5548
5549
5550
5551
5552
5553
6344
6345
6346
6347
6348
6349
6350
6351
6352
6353
6444
6445
6446
6447
6448
6449
6450
6451
6452
6453
6544
6545
6546
6547
6548
6549
6550
6551
6552
6553
6644
6645
6646
6647
6648
6649
6650
6651
6652
6653
6744
6745
6746
6747
6748
6749
6750
6751
6752
6753
6844
6845
6846
6847
6848
6849
6850
6851
6852
6853
6944
6945
6946
6947
6948
6949
6950
6951
6952
6953
7044
7045
7046
7047
7048
7049
7050
7051
7052
7053
7144
7145
7146
7147
7148
7149
7150
7151
7152
7153
7244
7245
7246
7247
7248
7249
7250
7251
7252
7253
7344
7345
7346
7347
7348
7349
7350
7351
7352
7353
7444
7445
7446
7447
7448
7449
7450
7451
7452
7453
7714
7715
7716
7726
7727
7728
7729
7813
7814
7815
7816
7823
7824
7825
7826
7827
7828
7829
7830
7831
7912
7913
7915
7916
7923
7924
7931
7932
8012
8015
8016
8032
8033
8111
8112
8115
8116
8132
8133
8210
8211
8215
8216
8232
8233
8310
8315
8316
8332
8333
8409
8410
8415
8416
8431
8432
8508
8509
8515
8516
8531
8532
8608
8615
8616
8630
8631
8707
8708
8715
8716
8729
8730
8806
8807
8815
8816
8828
8829
8906
8907
8908
8909
8910
8911
8912
8913
8914
8915
8916
8917
8918
8919
8927
8928
9006
9007
9008
9009
9010
9011
9012
9013
9014
9015
9016
9017
9018
9019
9026
9027
9115
9116
9125
9126
9215
9216
9224
9225
9315
9316
9323
9324
9325
9326
9327
9328
9329
9330
9331
9332
9333
9415
9416
9423
9424
9425
9426
9427
9428
9429
9430
9431
9432
9433
