50
51
52
53
54
55
56
57
58
143
144
145
146
147
148
149
150
151
152
153
154
155
156
157
158
159
160
161
162
163
164
238
239
240
241
242
243
244
245
246
247
248
249
250
251
252
253
254
255
256
257
258
259
260
261
262
263
264
265
266
335
336
337
338
339
340
341
342
343
344
345
346
347
348
349
350
351
352
353
354
355
356
357
358
359
360
361
362
363
364
365
366
367
368
369
435
436
437
438
439
440
441
442
443
444
445
446
447
448
449
450
451
452
453
454
455
456
457
458
459
460
461
462
463
464
465
466
467
468
469
470
535
536
537
538
539
540
541
542
543
544
545
546
547
548
549
550
551
552
553
554
555
556
557
558
559
560
561
562
563
564
565
566
567
568
569
570
571
635
636
637
638
639
640
641
642
643
644
645
646
647
648
649
650
651
652
653
654
655
656
657
658
659
660
661
662
663
664
665
666
667
668
669
670
671
672
673
735
736
737
738
739
740
741
742
743
744
745
746
747
748
749
750
751
752
753
754
755
756
757
758
759
760
761
762
763
764
765
766
767
768
769
770
771
772
773
774
835
836
837
838
839
840
841
842
843
844
845
846
860
861
862
863
864
865
866
867
868
869
870
871
872
873
874
935
936
937
938
939
940
941
963
964
965
966
967
968
969
970
971
972
973
974
975
1035
1036
1037
1038
1065
1066
1067
1068
1069
1070
1071
1072
1073
1074
1075
1076
1135
1166
1167
1168
1169
1170
1171
1172
1173
1174
1175
1176
1267
1268
1269
1270
1271
1272
1273
1274
1275
1276
1277
1367
1368
1369
1370
1371
1372
1373
1374
1375
1376
1377
1468
1469
1470
1471
1472
1473
1474
1475
1476
1477
1568
1569
1570
1571
1572
1573
1574
1575
1576
1577
1669
1670
1671
1672
1673
1674
1675
1676
1677
1678
1769
1770
1771
1772
1773
1774
1775
1776
1777
1778
1869
1870
1871
1872
1873
1874
1875
1876
1877
1878
1969
1970
1971
1972
1973
1974
1975
1976
1977
1978
2069
2070
2071
2072
2073
2074
2075
2076
2077
2078
2169
2170
2171
2172
2173
2174
2175
2176
2177
2178
2269
2270
2271
2272
2273
2274
2275
2276
2277
2369
2370
2371
2372
2373
2374
2375
2376
2377
2469
2470
2471
2472
2473
2474
2475
2476
2477
2568
2569
2570
2571
2572
2573
2574
2575
2576
2577
2668
2669
2670
2671
2672
2673
2674
2675
2676
2767
2768
2769
2770
2771
2772
2773
2774
2775
2776
2866
2867
2868
2869
2870
2871
2872
2873
2874
2875
2965
2966
2967
2968
2969
2970
2971
2972
2973
2974
3063
3064
3065
3066
3067
3068
3069
3070
3071
3072
3073
3074
3161
3162
3163
3164
3165
3166
3167
3168
3169
3170
3171
3172
3173
3246
3247
3248
3249
3250
3251
3252
3253
3254
3255
3256
3257
3258
3259
3260
3261
3262
3263
3264
3265
3266
3267
3268
3269
3270
3271
3346
3347
3348
3349
3350
3351
3352
3353
3354
3355
3356
3357
3358
3359
3360
3361
3362
3363
3364
3365
3366
3367
3368
3369
3370
3446
3447
3448
3449
3450
3451
3452
3453
3454
3455
3456
3457
3458
3459
3460
3461
3462
3463
3464
3465
3466
3467
3546
3547
3548
3549
3550
3551
3552
3553
3554
3555
3556
3557
3558
3559
3560
3561
3562
3563
3564
3565
3646
3647
3648
3649
3650
3651
3652
3653
3654
3655
3656
3657
3658
3659
3660
3661
3662
3663
3664
3665
3666
3667
3746
3747
3748
3749
3750
3751
3752
3753
3754
3755
3756
3757
3758
3759
3760
3761
3762
3763
3764
3765
3766
3767
3768
3769
3770
3846
3847
3848
3849
3850
3851
3852
3853
3854
3855
3856
3857
3858
3859
3860
3861
3862
3863
3864
3865
3866
3867
3868
3869
3870
3871
3872
3946
3947
3948
3949
3950
3951
3952
3953
3954
3955
3956
3957
3958
3959
3960
3961
3962
3963
3964
3965
3966
3967
3968
3969
3970
3971
3972
3973
4060
4061
4062
4063
4064
4065
4066
4067
4068
4069
4070
4071
4072
4073
4074
4163
4164
4165
4166
4167
4168
4169
4170
4171
4172
4173
4174
4175
4265
4266
4267
4268
4269
4270
4271
4272
4273
4274
4275
4276
4367
4368
4369
4370
4371
4372
4373
4374
4375
4376
4377
4468
4469
4470
4471
4472
4473
4474
4475
4476
4477
4569
4570
4571
4572
4573
4574
4575
4576
4577
4578
4669
4670
4671
4672
4673
4674
4675
4676
4677
4678
4770
4771
4772
4773
4774
4775
4776
4777
4778
4779
4870
4871
4872
4873
4874
4875
4876
4877
4878
4879
4971
4972
4973
4974
4975
4976
4977
4978
4979
5071
5072
5073
5074
5075
5076
5077
5078
5079
5080
5171
5172
5173
5174
5175
5176
5177
5178
5179
5180
5271
5272
5273
5274
5275
5276
5277
5278
5279
5280
5371
5372
5373
5374
5375
5376
5377
5378
5379
5380
5471
5472
5473
5474
5475
5476
5477
5478
5479
5480
5571
5572
5573
5574
5575
5576
5577
5578
5579
5580
5671
5672
5673
5674
5675
5676
5677
5678
5679
5680
5771
5772
5773
5774
5775
5776
5777
5778
5779
5871
5872
5873
5874
5875
5876
5877
5878
5879
5970
5971
5972
5973
5974
5975
5976
5977
5978
5979
6070
6071
6072
6073
6074
6075
6076
6077
6078
6079
6169
6170
6171
6172
6173
6174
6175
6176
6177
6178
6268
6269
6270
6271
6272
6273
6274
6275
6276
6277
6278
6333
6334
6367
6368
6369
6370
6371
6372
6373
6374
6375
6376
6377
6378
6433
6434
6435
6436
6466
6467
6468
6469
6470
6471
6472
6473
6474
6475
6476
6477
6533
6534
6535
6536
6537
6538
6565
6566
6567
6568
6569
6570
6571
6572
6573
6574
6575
6576
6577
6633
6634
6635
6636
6637
6638
6639
6640
6663
6664
6665
6666
6667
6668
6669
6670
6671
6672
6673
6674
6675
6676
6733
6734
6735
6736
6737
6738
6739
6740
6741
6742
6743
6744
6759
6760
6761
6762
6763
6764
6765
6766
6767
6768
6769
6770
6771
6772
6773
6774
6775
6833
6834
6835
6836
6837
6838
6839
6840
6841
6842
6843
6844
6845
6846
6847
6848
6849
6850
6851
6852
6853
6854
6855
6856
6857
6858
6859
6860
6861
6862
6863
6864
6865
6866
6867
6868
6869
6870
6871
6872
6873
6874
6933
6934
6935
6936
6937
6938
6939
6940
6941
6942
6943
6944
6945
6946
6947
6948
6949
6950
6951
6952
6953
6954
6955
6956
6957
6958
6959
6960
6961
6962
6963
6964
6965
6966
6967
6968
6969
6970
6971
6972
6973
7033
7034
7035
7036
7037
7038
7039
7040
7041
7042
7043
7044
7045
7046
7047
7048
7049
7050
7051
7052
7053
7054
7055
7056
7057
7058
7059
7060
7061
7062
7063
7064
7065
7066
7067
7068
7069
7070
7071
7072
7133
7134
7135
7136
7137
7138
7139
7140
7141
7142
7143
7144
7145
7146
7147
7148
7149
7150
7151
7152
7153
7154
7155
7156
7157
7158
7159
7160
7161
7162
7163
7164
7165
7166
7167
7168
7169
7170
7235
7236
7237
7238
7239
7240
7241
7242
7243
7244
7245
7246
7247
7248
7249
7250
7251
7252
7253
7254
7255
7256
7257
7258
7259
7260
7261
7262
7263
7264
7265
7266
7267
7268
7338
7339
7340
7341
7342
7343
7344
7345
7346
7347
7348
7349
7350
7351
7352
7353
7354
7355
7356
7357
7358
7359
7360
7361
7362
7363
7364
7365
7366
7442
7443
7444
7445
7446
7447
7448
7449
7450
7451
7452
7453
7454
7455
7456
7457
7458
7459
7460
7461
7462
7463
7548
7549
7550
7551
7552
7553
7554
7555
7556
7557
7710
7711
7712
7713
7714
7726
7727
7728
7729
7808
7809
7810
7811
7812
7813
7814
7815
7816
7823
7824
7825
7826
7827
7828
7829
7830
7831
7908
7915
7916
7923
7924
7931
7932
8016
8017
8032
8033
8116
8117
8132
8133
8216
8217
8232
8233
8315
8316
8332
8333
8410
8411
8412
8413
8414
8415
8431
8432
8510
8511
8512
8513
8514
8515
8531
8532
8615
8616
8617
8630
8631
8717
8729
8730
8817
8818
8828
8829
8917
8918
8927
8928
9017
9018
9026
9027
9117
9125
9126
9207
9215
9216
9217
9224
9225
9307
9308
9309
9310
9311
9312
9313
9314
9315
9316
9323
9324
9325
9326
9327
9328
9329
9330
9331
9332
9333
9410
9411
9412
9413
9423
9424
9425
9426
9427
9428
9429
9430
9431
9432
9433
