2028
2029
2030
2031
2032
2033
2034
2035
2036
2072
2073
2074
2075
2076
2077
2078
2079
2080
2129
2130
2131
2132
2133
2134
2135
2136
2137
2171
2172
2173
2174
2175
2176
2177
2178
2179
2229
2230
2231
2232
2233
2234
2235
2236
2237
2271
2272
2273
2274
2275
2276
2277
2278
2279
2330
2331
2332
2333
2334
2335
2336
2337
2338
2370
2371
2372
2373
2374
2375
2376
2377
2378
2430
2431
2432
2433
2434
2435
2436
2437
2438
2470
2471
2472
2473
2474
2475
2476
2477
2478
2530
2531
2532
2533
2534
2535
2536
2537
2538
2570
2571
2572
2573
2574
2575
2576
2577
2578
2631
2632
2633
2634
2635
2636
2637
2638
2639
2669
2670
2671
2672
2673
2674
2675
2676
2677
2731
2732
2733
2734
2735
2736
2737
2738
2739
2769
2770
2771
2772
2773
2774
2775
2776
2777
2831
2832
2833
2834
2835
2836
2837
2838
2839
2869
2870
2871
2872
2873
2874
2875
2876
2877
2932
2933
2934
2935
2936
2937
2938
2939
2940
2968
2969
2970
2971
2972
2973
2974
2975
2976
3032
3033
3034
3035
3036
3037
3038
3039
3040
3068
3069
3070
3071
3072
3073
3074
3075
3076
3133
3134
3135
3136
3137
3138
3139
3140
3168
3169
3170
3171
3172
3173
3174
3175
3233
3234
3235
3236
3237
3238
3239
3240
3241
3267
3268
3269
3270
3271
3272
3273
3274
3275
3333
3334
3335
3336
3337
3338
3339
3340
3341
3367
3368
3369
3370
3371
3372
3373
3374
3375
3434
3435
3436
3437
3438
3439
3440
3441
3442
3466
3467
3468
3469
3470
3471
3472
3473
3474
3534
3535
3536
3537
3538
3539
3540
3541
3542
3566
3567
3568
3569
3570
3571
3572
3573
3574
3634
3635
3636
3637
3638
3639
3640
3641
3642
3666
3667
3668
3669
3670
3671
3672
3673
3674
3735
3736
3737
3738
3739
3740
3741
3742
3743
3765
3766
3767
3768
3769
3770
3771
3772
3773
3835
3836
3837
3838
3839
3840
3841
3842
3843
3865
3866
3867
3868
3869
3870
3871
3872
3873
3935
3936
3937
3938
3939
3940
3941
3942
3943
3965
3966
3967
3968
3969
3970
3971
3972
3973
4036
4037
4038
4039
4040
4041
4042
4043
4044
4064
4065
4066
4067
4068
4069
4070
4071
4072
4136
4137
4138
4139
4140
4141
4142
4143
4144
4164
4165
4166
4167
4168
4169
4170
4171
4172
4237
4238
4239
4240
4241
4242
4243
4244
4245
4263
4264
4265
4266
4267
4268
4269
4270
4271
4337
4338
4339
4340
4341
4342
4343
4344
4345
4363
4364
4365
4366
4367
4368
4369
4370
4371
4437
4438
4439
4440
4441
4442
4443
4444
4445
4463
4464
4465
4466
4467
4468
4469
4470
4471
4538
4539
4540
4541
4542
4543
4544
4545
4546
4562
4563
4564
4565
4566
4567
4568
4569
4570
4638
4639
4640
4641
4642
4643
4644
4645
4646
4662
4663
4664
4665
4666
4667
4668
4669
4670
4738
4739
4740
4741
4742
4743
4744
4745
4746
4762
4763
4764
4765
4766
4767
4768
4769
4770
4839
4840
4841
4842
4843
4844
4845
4846
4847
4861
4862
4863
4864
4865
4866
4867
4868
4869
4939
4940
4941
4942
4943
4944
4945
4946
4947
4961
4962
4963
4964
4965
4966
4967
4968
4969
5040
5041
5042
5043
5044
5045
5046
5047
5061
5062
5063
5064
5065
5066
5067
5068
5140
5141
5142
5143
5144
5145
5146
5147
5148
5160
5161
5162
5163
5164
5165
5166
5167
5168
5240
5241
5242
5243
5244
5245
5246
5247
5248
5260
5261
5262
5263
5264
5265
5266
5267
5268
5341
5342
5343
5344
5345
5346
5347
5348
5349
5359
5360
5361
5362
5363
5364
5365
5366
5367
5441
5442
5443
5444
5445
5446
5447
5448
5449
5459
5460
5461
5462
5463
5464
5465
5466
5467
5541
5542
5543
5544
5545
5546
5547
5548
5549
5559
5560
5561
5562
5563
5564
5565
5566
5567
5642
5643
5644
5645
5646
5647
5648
5649
5650
5658
5659
5660
5661
5662
5663
5664
5665
5666
5742
5743
5744
5745
5746
5747
5748
5749
5750
5758
5759
5760
5761
5762
5763
5764
5765
5766
5843
5844
5845
5846
5847
5848
5849
5850
5858
5859
5860
5861
5862
5863
5864
5865
5943
5944
5945
5946
5947
5948
5949
5950
5951
5957
5958
5959
5960
5961
5962
5963
5964
5965
6043
6044
6045
6046
6047
6048
6049
6050
6051
6057
6058
6059
6060
6061
6062
6063
6064
6065
6144
6145
6146
6147
6148
6149
6150
6151
6152
6156
6157
6158
6159
6160
6161
6162
6163
6164
6244
6245
6246
6247
6248
6249
6250
6251
6252
6256
6257
6258
6259
6260
6261
6262
6263
6264
6344
6345
6346
6347
6348
6349
6350
6351
6352
6356
6357
6358
6359
6360
6361
6362
6363
6364
6445
6446
6447
6448
6449
6450
6451
6452
6453
6455
6456
6457
6458
6459
6460
6461
6462
6463
6545
6546
6547
6548
6549
6550
6551
6552
6553
6555
6556
6557
6558
6559
6560
6561
6562
6563
6646
6647
6648
6649
6650
6651
6652
6653
6654
6655
6656
6657
6658
6659
6660
6661
6662
6746
6747
6748
6749
6750
6751
6752
6753
6754
6755
6756
6757
6758
6759
6760
6761
6762
6846
6847
6848
6849
6850
6851
6852
6853
6854
6855
6856
6857
6858
6859
6860
6861
6862
6947
6948
6949
6950
6951
6952
6953
6954
6955
6956
6957
6958
6959
6960
6961
7047
7048
7049
7050
7051
7052
7053
7054
7055
7056
7057
7058
7059
7060
7061
7147
7148
7149
7150
7151
7152
7153
7154
7155
7156
7157
7158
7159
7160
7161
7248
7249
7250
7251
7252
7253
7254
7255
7256
7257
7258
7259
7260
7348
7349
7350
7351
7352
7353
7354
7355
7356
7357
7358
7359
7360
7448
7449
7450
7451
7452
7453
7454
7455
7456
7457
7458
7459
7460
7710
7711
7712
7713
7714
7727
7728
7729
7730
7808
7809
7810
7811
7812
7813
7814
7815
7816
7825
7826
7827
7828
7829
7830
7831
7832
7908
7915
7916
7924
7925
7926
7931
7932
7933
8016
8017
8024
8025
8032
8033
8034
8116
8117
8123
8124
8133
8134
8216
8217
8223
8224
8233
8234
8315
8316
8323
8324
8333
8334
8335
8410
8411
8412
8413
8414
8415
8423
8424
8433
8434
8435
8510
8511
8512
8513
8514
8515
8524
8532
8533
8534
8535
8615
8616
8617
8624
8625
8626
8631
8632
8633
8634
8635
8717
8725
8726
8727
8728
8729
8730
8731
8732
8734
8735
8817
8818
8827
8828
8829
8830
8834
8835
8917
8918
8934
9017
9018
9033
9034
9117
9133
9207
9215
9216
9217
9224
9231
9232
9233
9307
9308
9309
9310
9311
9312
9313
9314
9315
9316
9324
9325
9326
9327
9328
9329
9330
9331
9410
9411
9412
9413
9426
9427
9428
9429
