234
235
236
237
238
239
240
241
242
243
244
245
246
247
248
249
250
251
252
253
254
255
256
257
258
259
260
261
334
335
336
337
338
339
340
341
342
343
344
345
346
347
348
349
350
351
352
353
354
355
356
357
358
359
360
361
362
363
364
365
366
434
435
436
437
438
439
440
441
442
443
444
445
446
447
448
449
450
451
452
453
454
455
456
457
458
459
460
461
462
463
464
465
466
467
468
469
534
535
536
537
538
539
540
541
542
543
544
545
546
547
548
549
550
551
552
553
554
555
556
557
558
559
560
561
562
563
564
565
566
567
568
569
570
571
634
635
636
637
638
639
640
641
642
643
644
645
646
647
648
649
650
651
652
653
654
655
656
657
658
659
660
661
662
663
664
665
666
667
668
669
670
671
672
673
734
735
736
737
738
739
740
741
742
743
744
745
746
747
748
749
750
751
752
753
754
755
756
757
758
759
760
761
762
763
764
765
766
767
768
769
770
771
772
773
774
834
835
836
837
838
839
840
841
842
843
844
845
846
847
848
849
850
851
852
853
854
855
856
857
858
859
860
861
862
863
864
865
866
867
868
869
870
871
872
873
874
875
934
935
936
937
938
939
940
941
942
943
944
945
946
947
948
949
950
951
952
953
954
955
956
957
958
959
960
961
962
963
964
965
966
967
968
969
970
971
972
973
974
975
976
1034
1035
1036
1037
1038
1039
1040
1041
1042
1043
1062
1063
1064
1065
1066
1067
1068
1069
1070
1071
1072
1073
1074
1075
1076
1077
1134
1135
1136
1137
1138
1139
1140
1141
1142
1143
1165
1166
1167
1168
1169
1170
1171
1172
1173
1174
1175
1176
1177
1234
1235
1236
1237
1238
1239
1240
1241
1242
1243
1267
1268
1269
1270
1271
1272
1273
1274
1275
1276
1277
1278
1334
1335
1336
1337
1338
1339
1340
1341
1342
1343
1368
1369
1370
1371
1372
1373
1374
1375
1376
1377
1378
1434
1435
1436
1437
1438
1439
1440
1441
1442
1443
1469
1470
1471
1472
1473
1474
1475
1476
1477
1478
1534
1535
1536
1537
1538
1539
1540
1541
1542
1543
1569
1570
1571
1572
1573
1574
1575
1576
1577
1578
1579
1634
1635
1636
1637
1638
1639
1640
1641
1642
1643
1670
1671
1672
1673
1674
1675
1676
1677
1678
1679
1734
1735
1736
1737
1738
1739
1740
1741
1742
1743
1770
1771
1772
1773
1774
1775
1776
1777
1778
1779
1834
1835
1836
1837
1838
1839
1840
1841
1842
1843
1871
1872
1873
1874
1875
1876
1877
1878
1879
1934
1935
1936
1937
1938
1939
1940
1941
1942
1943
1971
1972
1973
1974
1975
1976
1977
1978
1979
1980
2034
2035
2036
2037
2038
2039
2040
2041
2042
2043
2071
2072
2073
2074
2075
2076
2077
2078
2079
2080
2134
2135
2136
2137
2138
2139
2140
2141
2142
2143
2171
2172
2173
2174
2175
2176
2177
2178
2179
2180
2234
2235
2236
2237
2238
2239
2240
2241
2242
2243
2271
2272
2273
2274
2275
2276
2277
2278
2279
2280
2334
2335
2336
2337
2338
2339
2340
2341
2342
2343
2371
2372
2373
2374
2375
2376
2377
2378
2379
2380
2434
2435
2436
2437
2438
2439
2440
2441
2442
2443
2471
2472
2473
2474
2475
2476
2477
2478
2479
2480
2534
2535
2536
2537
2538
2539
2540
2541
2542
2543
2571
2572
2573
2574
2575
2576
2577
2578
2579
2580
2634
2635
2636
2637
2638
2639
2640
2641
2642
2643
2671
2672
2673
2674
2675
2676
2677
2678
2679
2680
2734
2735
2736
2737
2738
2739
2740
2741
2742
2743
2771
2772
2773
2774
2775
2776
2777
2778
2779
2834
2835
2836
2837
2838
2839
2840
2841
2842
2843
2870
2871
2872
2873
2874
2875
2876
2877
2878
2879
2934
2935
2936
2937
2938
2939
2940
2941
2942
2943
2970
2971
2972
2973
2974
2975
2976
2977
2978
2979
3034
3035
3036
3037
3038
3039
3040
3041
3042
3043
3069
3070
3071
3072
3073
3074
3075
3076
3077
3078
3079
3134
3135
3136
3137
3138
3139
3140
3141
3142
3143
3169
3170
3171
3172
3173
3174
3175
3176
3177
3178
3234
3235
3236
3237
3238
3239
3240
3241
3242
3243
3268
3269
3270
3271
3272
3273
3274
3275
3276
3277
3278
3334
3335
3336
3337
3338
3339
3340
3341
3342
3343
3367
3368
3369
3370
3371
3372
3373
3374
3375
3376
3377
3434
3435
3436
3437
3438
3439
3440
3441
3442
3443
3465
3466
3467
3468
3469
3470
3471
3472
3473
3474
3475
3476
3477
3534
3535
3536
3537
3538
3539
3540
3541
3542
3543
3562
3563
3564
3565
3566
3567
3568
3569
3570
3571
3572
3573
3574
3575
3576
3634
3635
3636
3637
3638
3639
3640
3641
3642
3643
3644
3645
3646
3647
3648
3649
3650
3651
3652
3653
3654
3655
3656
3657
3658
3659
3660
3661
3662
3663
3664
3665
3666
3667
3668
3669
3670
3671
3672
3673
3674
3675
3734
3735
3736
3737
3738
3739
3740
3741
3742
3743
3744
3745
3746
3747
3748
3749
3750
3751
3752
3753
3754
3755
3756
3757
3758
3759
3760
3761
3762
3763
3764
3765
3766
3767
3768
3769
3770
3771
3772
3773
3774
3834
3835
3836
3837
3838
3839
3840
3841
3842
3843
3844
3845
3846
3847
3848
3849
3850
3851
3852
3853
3854
3855
3856
3857
3858
3859
3860
3861
3862
3863
3864
3865
3866
3867
3868
3869
3870
3871
3872
3934
3935
3936
3937
3938
3939
3940
3941
3942
3943
3944
3945
3946
3947
3948
3949
3950
3951
3952
3953
3954
3955
3956
3957
3958
3959
3960
3961
3962
3963
3964
3965
3966
3967
3968
3969
3970
4034
4035
4036
4037
4038
4039
4040
4041
4042
4043
4044
4045
4046
4047
4048
4049
4050
4051
4052
4053
4054
4055
4056
4057
4058
4059
4060
4061
4062
4063
4064
4065
4066
4067
4068
4134
4135
4136
4137
4138
4139
4140
4141
4142
4143
4144
4145
4146
4147
4148
4149
4150
4151
4152
4153
4154
4155
4156
4157
4158
4159
4160
4161
4162
4163
4164
4165
4166
4167
4168
4169
4234
4235
4236
4237
4238
4239
4240
4241
4242
4243
4244
4245
4246
4247
4248
4249
4250
4251
4252
4253
4254
4255
4256
4257
4258
4259
4260
4261
4262
4263
4264
4265
4266
4267
4268
4269
4270
4271
4334
4335
4336
4337
4338
4339
4340
4341
4342
4343
4344
4345
4346
4347
4348
4349
4350
4351
4352
4353
4354
4355
4356
4357
4358
4359
4360
4361
4362
4363
4364
4365
4366
4367
4368
4369
4370
4371
4372
4434
4435
4436
4437
4438
4439
4440
4441
4442
4443
4460
4461
4462
4463
4464
4465
4466
4467
4468
4469
4470
4471
4472
4473
4534
4535
4536
4537
4538
4539
4540
4541
4542
4543
4563
4564
4565
4566
4567
4568
4569
4570
4571
4572
4573
4574
4634
4635
4636
4637
4638
4639
4640
4641
4642
4643
4665
4666
4667
4668
4669
4670
4671
4672
4673
4674
4675
4734
4735
4736
4737
4738
4739
4740
4741
4742
4743
4766
4767
4768
4769
4770
4771
4772
4773
4774
4775
4834
4835
4836
4837
4838
4839
4840
4841
4842
4843
4867
4868
4869
4870
4871
4872
4873
4874
4875
4876
4934
4935
4936
4937
4938
4939
4940
4941
4942
4943
4967
4968
4969
4970
4971
4972
4973
4974
4975
4976
4977
5034
5035
5036
5037
5038
5039
5040
5041
5042
5043
5068
5069
5070
5071
5072
5073
5074
5075
5076
5077
5134
5135
5136
5137
5138
5139
5140
5141
5142
5143
5169
5170
5171
5172
5173
5174
5175
5176
5177
5178
5234
5235
5236
5237
5238
5239
5240
5241
5242
5243
5269
5270
5271
5272
5273
5274
5275
5276
5277
5278
5334
5335
5336
5337
5338
5339
5340
5341
5342
5343
5370
5371
5372
5373
5374
5375
5376
5377
5378
5379
5434
5435
5436
5437
5438
5439
5440
5441
5442
5443
5471
5472
5473
5474
5475
5476
5477
5478
5479
5534
5535
5536
5537
5538
5539
5540
5541
5542
5543
5571
5572
5573
5574
5575
5576
5577
5578
5579
5580
5634
5635
5636
5637
5638
5639
5640
5641
5642
5643
5672
5673
5674
5675
5676
5677
5678
5679
5680
5734
5735
5736
5737
5738
5739
5740
5741
5742
5743
5772
5773
5774
5775
5776
5777
5778
5779
5780
5781
5834
5835
5836
5837
5838
5839
5840
5841
5842
5843
5873
5874
5875
5876
5877
5878
5879
5880
5881
5934
5935
5936
5937
5938
5939
5940
5941
5942
5943
5973
5974
5975
5976
5977
5978
5979
5980
5981
5982
6034
6035
6036
6037
6038
6039
6040
6041
6042
6043
6073
6074
6075
6076
6077
6078
6079
6080
6081
6082
6134
6135
6136
6137
6138
6139
6140
6141
6142
6143
6174
6175
6176
6177
6178
6179
6180
6181
6182
6183
6234
6235
6236
6237
6238
6239
6240
6241
6242
6243
6274
6275
6276
6277
6278
6279
6280
6281
6282
6283
6334
6335
6336
6337
6338
6339
6340
6341
6342
6343
6375
6376
6377
6378
6379
6380
6381
6382
6383
6384
6434
6435
6436
6437
6438
6439
6440
6441
6442
6443
6475
6476
6477
6478
6479
6480
6481
6482
6483
6484
6534
6535
6536
6537
6538
6539
6540
6541
6542
6543
6576
6577
6578
6579
6580
6581
6582
6583
6584
6585
6634
6635
6636
6637
6638
6639
6640
6641
6642
6643
6676
6677
6678
6679
6680
6681
6682
6683
6684
6685
6734
6735
6736
6737
6738
6739
6740
6741
6742
6743
6777
6778
6779
6780
6781
6782
6783
6784
6785
6786
6834
6835
6836
6837
6838
6839
6840
6841
6842
6843
6877
6878
6879
6880
6881
6882
6883
6884
6885
6886
6934
6935
6936
6937
6938
6939
6940
6941
6942
6943
6978
6979
6980
6981
6982
6983
6984
6985
6986
6987
7034
7035
7036
7037
7038
7039
7040
7041
7042
7043
7078
7079
7080
7081
7082
7083
7084
7085
7086
7087
7134
7135
7136
7137
7138
7139
7140
7141
7142
7143
7179
7180
7181
7182
7183
7184
7185
7186
7187
7188
7234
7235
7236
7237
7238
7239
7240
7241
7242
7243
7279
7280
7281
7282
7283
7284
7285
7286
7287
7288
7334
7335
7336
7337
7338
7339
7340
7341
7342
7343
7380
7381
7382
7383
7384
7385
7386
7387
7388
7389
7434
7435
7436
7437
7438
7439
7440
7441
7442
7443
7480
7481
7482
7483
7484
7485
7486
7487
7488
7489
7490
7710
7711
7712
7713
7807
7808
7809
7810
7811
7812
7813
7814
7815
7907
7908
7915
7916
8016
8017
8116
8117
8216
8217
8316
8317
8415
8416
8515
8516
8614
8615
8713
8714
8812
8813
8911
8912
9010
9011
9109
9110
9208
9209
9307
9308
9309
9310
9311
9312
9313
9314
9315
9316
9317
9407
9408
9409
9410
9411
9412
9413
9414
9415
9416
9417
