552
553
554
555
556
557
558
559
652
653
654
655
656
657
658
659
660
661
662
663
664
748
749
750
751
752
753
755
756
757
758
759
760
761
762
763
764
765
842
843
844
845
846
847
848
849
863
864
865
866
940
941
942
943
965
966
967
1037
1038
1039
1040
1041
1066
1067
1068
1069
1133
1134
1135
1136
1137
1138
1139
1140
1141
1142
1143
1144
1145
1146
1147
1148
1149
1167
1168
1169
1170
1232
1233
1234
1235
1236
1237
1248
1249
1269
1270
1271
1331
1332
1333
1370
1371
1430
1431
1432
1471
1472
1529
1530
1572
1573
1628
1629
1672
1673
1727
1728
1729
1772
1773
1774
1827
1828
1873
1874
1875
1925
1926
1927
1974
1975
1976
2025
2026
2027
2062
2063
2064
2065
2066
2074
2075
2076
2124
2125
2126
2161
2162
2163
2164
2165
2166
2167
2168
2175
2176
2177
2223
2224
2225
2261
2262
2263
2264
2265
2268
2269
2275
2276
2277
2278
2322
2323
2324
2361
2362
2363
2369
2370
2375
2376
2377
2378
2379
2421
2422
2423
2460
2461
2470
2471
2475
2476
2478
2479
2520
2521
2522
2559
2560
2571
2572
2576
2577
2578
2579
2580
2619
2620
2621
2658
2659
2671
2672
2676
2677
2679
2680
2718
2719
2720
2757
2758
2772
2773
2774
2777
2778
2780
2818
2819
2820
2856
2857
2874
2875
2878
2879
2880
2914
2917
2918
2919
2955
2956
2967
2968
2969
2970
2974
2975
2978
2979
2980
2981
3014
3016
3017
3018
3055
3056
3064
3065
3066
3067
3068
3069
3070
3071
3072
3075
3076
3079
3080
3081
3114
3115
3116
3117
3154
3155
3163
3164
3167
3168
3169
3170
3171
3172
3173
3175
3176
3180
3181
3214
3215
3216
3229
3230
3231
3232
3233
3254
3255
3262
3263
3268
3269
3270
3271
3272
3273
3274
3276
3277
3280
3281
3282
3314
3315
3327
3328
3329
3330
3331
3332
3333
3334
3335
3354
3362
3363
3364
3368
3369
3370
3371
3372
3373
3374
3375
3377
3378
3381
3382
3414
3426
3427
3428
3435
3436
3437
3438
3454
3461
3462
3463
3464
3465
3466
3467
3468
3469
3470
3471
3472
3473
3474
3475
3477
3478
3482
3483
3513
3514
3524
3525
3526
3537
3538
3539
3554
3561
3562
3563
3564
3565
3566
3567
3568
3569
3570
3571
3572
3573
3574
3575
3576
3577
3578
3582
3583
3612
3613
3614
3623
3624
3638
3639
3640
3654
3661
3664
3665
3666
3667
3668
3669
3670
3671
3672
3673
3674
3675
3676
3678
3679
3682
3683
3684
3712
3713
3714
3722
3723
3739
3740
3741
3742
3754
3755
3761
3764
3765
3766
3767
3768
3769
3770
3771
3772
3773
3774
3775
3776
3779
3783
3784
3785
3810
3812
3813
3814
3821
3822
3830
3831
3832
3833
3834
3835
3836
3839
3840
3842
3843
3855
3856
3861
3864
3865
3866
3867
3868
3869
3870
3871
3872
3873
3874
3875
3876
3879
3883
3884
3885
3909
3910
3912
3913
3914
3921
3922
3928
3931
3932
3933
3934
3935
3936
3937
3939
3940
3941
3942
3943
3956
3957
3961
3962
3963
3964
3965
3966
3967
3968
3969
3970
3971
3972
3973
3974
3975
3976
3979
3983
3984
3985
3986
4009
4010
4012
4013
4014
4021
4022
4027
4028
4031
4032
4033
4034
4035
4036
4037
4038
4040
4041
4042
4043
4057
4061
4062
4063
4064
4065
4066
4067
4068
4069
4070
4071
4072
4073
4074
4075
4079
4084
4086
4109
4110
4112
4113
4114
4121
4122
4126
4127
4128
4131
4132
4133
4134
4135
4136
4137
4138
4139
4142
4143
4157
4158
4162
4163
4164
4165
4166
4167
4168
4169
4170
4171
4172
4173
4174
4175
4179
4184
4185
4186
4209
4210
4212
4213
4220
4221
4226
4227
4228
4229
4230
4231
4232
4233
4234
4235
4236
4237
4238
4239
4242
4243
4258
4259
4262
4263
4264
4265
4266
4267
4268
4269
4270
4271
4272
4273
4274
4278
4279
4284
4285
4286
4287
4309
4310
4312
4313
4320
4321
4328
4329
4330
4331
4332
4333
4334
4335
4336
4337
4338
4339
4340
4342
4359
4360
4363
4364
4365
4366
4367
4368
4369
4370
4371
4372
4373
4377
4378
4384
4385
4387
4388
4409
4410
4412
4420
4421
4428
4429
4430
4431
4432
4433
4434
4435
4436
4437
4438
4439
4440
4441
4442
4460
4461
4462
4464
4465
4466
4467
4468
4469
4470
4471
4472
4476
4477
4478
4485
4487
4488
4509
4510
4511
4512
4520
4521
4522
4528
4529
4530
4531
4532
4533
4534
4535
4536
4537
4538
4539
4540
4541
4562
4563
4564
4565
4566
4567
4568
4569
4570
4575
4576
4585
4586
4588
4609
4610
4611
4612
4621
4622
4626
4627
4628
4629
4630
4631
4632
4633
4634
4635
4636
4637
4638
4639
4640
4641
4664
4665
4666
4667
4668
4669
4670
4671
4672
4673
4674
4675
4686
4688
4689
4709
4710
4711
4721
4722
4726
4727
4728
4729
4730
4731
4732
4733
4734
4735
4736
4737
4738
4739
4740
4786
4787
4788
4789
4809
4810
4811
4822
4827
4828
4829
4830
4831
4832
4833
4834
4835
4836
4837
4838
4839
4886
4887
4888
4889
4909
4910
4911
4922
4928
4929
4930
4931
4932
4933
4934
4935
4936
4937
4938
4939
4987
4988
4989
5009
5010
5011
5022
5029
5030
5031
5032
5033
5034
5035
5036
5037
5038
5087
5088
5089
5109
5110
5111
5122
5136
5137
5187
5188
5189
5209
5210
5211
5222
5223
5235
5236
5287
5288
5289
5309
5310
5311
5323
5324
5334
5335
5388
5389
5409
5410
5411
5424
5425
5433
5434
5488
5489
5509
5510
5511
5525
5526
5527
5528
5529
5530
5531
5532
5533
5560
5561
5562
5563
5564
5565
5566
5567
5588
5589
5609
5610
5611
5655
5656
5657
5658
5659
5660
5661
5662
5663
5664
5665
5666
5667
5668
5669
5688
5689
5709
5710
5711
5751
5752
5753
5754
5755
5756
5757
5767
5768
5769
5770
5788
5789
5809
5810
5811
5849
5850
5851
5852
5859
5860
5866
5867
5868
5869
5870
5889
5909
5910
5911
5946
5947
5948
5949
5950
5957
5958
5959
5960
5965
5966
5967
5968
5969
5970
5971
5989
6009
6010
6011
6043
6044
6045
6046
6047
6052
6056
6057
6058
6059
6060
6061
6063
6064
6065
6070
6071
6089
6109
6110
6111
6141
6142
6143
6144
6146
6147
6148
6151
6152
6153
6154
6155
6156
6158
6159
6161
6162
6163
6164
6171
6189
6190
6209
6210
6211
6240
6241
6242
6246
6247
6248
6249
6250
6251
6252
6253
6254
6255
6271
6289
6309
6310
6311
6312
6339
6340
6345
6346
6348
6349
6350
6371
6389
6409
6410
6411
6412
6439
6440
6441
6444
6445
6446
6471
6489
6510
6512
6539
6540
6541
6542
6543
6544
6545
6571
6589
6610
6612
6613
6640
6671
6689
6710
6711
6712
6713
6740
6741
6771
6789
6810
6812
6813
6840
6841
6871
6889
6910
6911
6912
6913
6941
6942
6958
6959
6960
6961
6962
6963
6964
6965
6966
6970
6971
6989
7010
7011
7013
7042
7051
7052
7053
7054
7055
7056
7057
7058
7059
7066
7067
7070
7071
7089
7111
7113
7114
7142
7143
7149
7150
7151
7157
7158
7167
7170
7189
7211
7214
7243
7244
7247
7248
7249
7250
7251
7258
7259
7267
7268
7269
7270
7289
7290
7311
7314
7344
7345
7346
7347
7348
7349
7350
7368
7369
7370
7389
7390
7411
7412
7414
7415
7445
7446
7468
7469
7489
7490
7512
7514
7515
7545
7546
7548
7549
7568
7569
7589
7590
7612
7613
7615
7646
7647
7648
7668
7669
7689
7690
7713
7715
7716
7747
7748
7767
7768
7789
7790
7813
7814
7815
7816
7848
7849
7867
7868
7889
7890
7914
7915
7916
7949
7950
7952
7953
7954
7955
7962
7963
7964
7965
7966
7967
7968
7988
7989
7990
8014
8015
8016
8050
8051
8052
8053
8055
8056
8058
8059
8061
8062
8065
8066
8088
8089
8115
8116
8151
8152
8153
8155
8156
8157
8158
8159
8160
8161
8164
8165
8166
8187
8188
8189
8215
8216
8217
8253
8254
8255
8256
8260
8261
8262
8263
8264
8287
8288
8289
8316
8317
8318
8354
8355
8356
8357
8358
8359
8360
8361
8362
8363
8386
8387
8388
8416
8417
8418
8419
8459
8460
8461
8486
8487
8488
8516
8519
8586
8587
8616
8619
8620
8685
8686
8687
8716
8717
8720
8785
8786
8816
8817
8820
8821
8885
8886
8917
8921
8922
8923
8985
8986
9017
9023
9024
9025
9084
9085
9117
9118
9125
9126
9127
9183
9184
9185
9218
9227
9228
9229
9283
9284
9318
9319
9329
9330
9383
9384
9419
9430
9483
