129
130
131
132
133
134
135
136
137
138
139
140
141
142
143
144
145
146
147
148
149
150
151
225
226
227
228
229
230
231
244
245
246
247
248
249
250
251
252
253
254
255
256
257
258
323
324
325
326
327
355
356
357
358
359
360
361
362
363
421
422
423
424
461
462
463
464
465
466
519
520
521
565
566
567
568
569
618
619
668
669
670
671
716
717
718
770
771
772
773
815
816
817
873
874
875
914
915
975
976
977
1013
1014
1077
1078
1079
1112
1113
1178
1179
1180
1212
1213
1280
1281
1282
1311
1312
1381
1382
1383
1410
1411
1483
1484
1510
1511
1584
1585
1609
1610
1685
1686
1708
1709
1786
1787
1808
1809
1887
1888
1907
1908
1988
1989
2007
2008
2089
2090
2106
2107
2190
2191
2206
2207
2291
2292
2305
2306
2392
2393
2405
2406
2492
2493
2504
2505
2593
2594
2604
2605
2694
2704
2794
2795
2803
2804
2895
2896
2903
2904
2995
2996
3003
3096
3103
3196
3197
3202
3203
3296
3297
3302
3303
3397
3402
3451
3497
3498
3502
3551
3597
3598
3601
3602
3651
3697
3698
3701
3702
3751
3798
3801
3802
3820
3821
3822
3823
3824
3825
3850
3851
3898
3901
3902
3921
3926
3927
3928
3929
3950
3998
4001
4021
4029
4030
4031
4032
4033
4034
4049
4050
4098
4101
4121
4130
4131
4132
4133
4134
4135
4136
4137
4138
4148
4149
4198
4201
4221
4231
4232
4233
4234
4235
4236
4237
4238
4239
4240
4241
4242
4243
4246
4247
4248
4290
4298
4301
4321
4332
4333
4334
4335
4336
4337
4338
4342
4343
4344
4345
4346
4390
4398
4400
4401
4421
4433
4434
4435
4436
4437
4441
4442
4457
4489
4490
4498
4500
4501
4522
4540
4541
4558
4559
4560
4589
4598
4600
4601
4622
4623
4639
4640
4659
4660
4661
4662
4663
4689
4698
4700
4701
4723
4724
4737
4738
4759
4763
4764
4765
4766
4767
4768
4788
4789
4798
4800
4801
4825
4826
4827
4834
4835
4836
4859
4867
4868
4869
4870
4871
4887
4888
4898
4900
4901
4927
4928
4929
4930
4931
4932
4933
4934
4959
4969
4970
4971
4972
4973
4974
4975
4986
4987
4997
4998
5000
5001
5059
5060
5069
5070
5071
5072
5073
5074
5075
5076
5077
5078
5079
5084
5085
5086
5097
5098
5100
5101
5160
5170
5171
5172
5173
5174
5175
5176
5177
5178
5179
5180
5181
5182
5183
5184
5197
5200
5201
5260
5261
5271
5272
5273
5274
5275
5276
5277
5283
5296
5297
5300
5301
5361
5362
5373
5374
5375
5382
5383
5396
5397
5400
5401
5463
5464
5481
5482
5495
5496
5500
5501
5564
5565
5566
5580
5581
5595
5596
5601
5666
5667
5668
5669
5678
5679
5694
5695
5701
5769
5770
5771
5772
5773
5774
5775
5776
5777
5778
5794
5795
5801
5802
5893
5894
5901
5902
5992
5993
6002
6020
6092
6093
6102
6103
6119
6120
6191
6192
6203
6218
6219
6290
6291
6303
6304
6318
6319
6390
6391
6403
6404
6418
6489
6490
6504
6505
6517
6518
6531
6532
6588
6589
6604
6605
6617
6618
6630
6631
6632
6633
6634
6635
6636
6637
6638
6639
6640
6688
6689
6705
6706
6717
6718
6729
6730
6738
6739
6740
6741
6742
6743
6744
6745
6787
6788
6805
6806
6817
6818
6844
6845
6846
6847
6848
6849
6886
6887
6906
6907
6917
6918
6948
6949
6950
6951
6952
6985
6986
7006
7007
7018
7019
7036
7037
7038
7039
7040
7041
7042
7051
7052
7053
7054
7055
7056
7068
7085
7086
7107
7108
7119
7120
7143
7144
7145
7146
7155
7156
7157
7158
7159
7168
7184
7185
7207
7208
7247
7248
7249
7258
7259
7268
7283
7284
7308
7309
7349
7350
7351
7359
7368
7382
7383
7409
7410
7459
7468
7482
7483
7509
7510
7568
7581
7582
7610
7611
7667
7668
7680
7681
7711
7712
7766
7767
7779
7780
7812
7813
7865
7866
7878
7879
7913
7914
7964
7965
7977
7978
8014
8015
8016
8063
8064
8076
8077
8115
8116
8117
8162
8163
8175
8176
8217
8218
8219
8273
8274
8275
8318
8319
8320
8372
8373
8374
8420
8421
8422
8470
8471
8472
8522
8523
8524
8567
8568
8569
8570
8624
8625
8626
8627
8665
8666
8667
8668
8726
8727
8728
8729
8730
8731
8762
8763
8764
8765
8766
8829
8830
8831
8832
8833
8834
8835
8836
8837
8858
8859
8860
8861
8862
8863
8931
8932
8933
8934
8935
8936
8937
8938
8939
8940
8941
8942
8943
8944
8954
8955
8956
8957
8958
8959
8960
9030
9031
9041
9042
9043
9044
9045
9046
9047
9048
9049
9050
9051
9052
9053
9054
9055
9056
9130
9131
9230
9329
9330
9429
9430
9528
9529
9628
9629
9728
9729
9828
9928
