437
438
439
440
441
442
443
444
445
446
447
535
536
537
545
546
547
548
549
550
551
552
632
633
634
635
651
652
653
728
729
730
731
732
753
754
825
826
827
828
829
854
855
923
924
925
955
956
1021
1022
1023
1042
1056
1057
1119
1120
1121
1140
1141
1156
1157
1217
1218
1219
1230
1231
1237
1243
1255
1257
1258
1316
1317
1328
1339
1340
1342
1358
1359
1414
1415
1416
1431
1432
1433
1436
1437
1438
1440
1441
1459
1460
1514
1515
1534
1535
1536
1537
1538
1539
1546
1560
1561
1613
1614
1648
1649
1650
1651
1652
1653
1661
1662
1712
1713
1720
1725
1732
1745
1747
1748
1749
1753
1761
1762
1811
1812
1820
1821
1833
1845
1847
1848
1849
1851
1852
1853
1862
1863
1864
1911
1912
1921
1928
1929
1930
1931
1940
1947
1949
1953
1961
1962
1963
1964
1965
1966
1967
2010
2011
2027
2028
2031
2032
2033
2041
2049
2050
2053
2061
2066
2067
2068
2069
2070
2071
2072
2073
2074
2075
2110
2127
2128
2133
2153
2154
2174
2175
2176
2177
2178
2209
2210
2223
2224
2226
2227
2228
2229
2231
2233
2249
2250
2255
2269
2278
2279
2280
2309
2310
2327
2328
2329
2332
2333
2334
2336
2346
2360
2361
2362
2369
2370
2371
2372
2380
2381
2382
2409
2428
2429
2432
2434
2439
2446
2447
2448
2451
2452
2453
2454
2455
2467
2468
2469
2470
2473
2481
2482
2483
2508
2509
2526
2527
2528
2531
2533
2534
2538
2541
2544
2545
2546
2565
2566
2567
2568
2569
2574
2583
2584
2608
2609
2627
2633
2638
2641
2645
2646
2658
2659
2664
2665
2666
2667
2668
2674
2684
2685
2708
2709
2725
2759
2760
2762
2763
2766
2767
2774
2785
2786
2808
2809
2813
2830
2831
2845
2855
2856
2857
2859
2860
2861
2862
2866
2874
2886
2887
2908
2909
2945
2953
2955
2956
2957
2958
2959
2964
2965
2968
2974
2987
2988
3008
3028
3029
3030
3031
3046
3051
3052
3053
3054
3055
3056
3057
3062
3063
3064
3073
3088
3089
3108
3128
3129
3130
3131
3132
3133
3138
3140
3142
3148
3149
3150
3151
3152
3153
3154
3155
3156
3158
3160
3161
3162
3167
3170
3189
3190
3207
3208
3224
3230
3231
3232
3233
3234
3235
3236
3237
3238
3239
3240
3241
3242
3243
3244
3245
3246
3247
3248
3249
3250
3254
3255
3256
3257
3258
3259
3260
3265
3269
3290
3291
3307
3308
3324
3328
3332
3333
3334
3335
3336
3337
3338
3339
3340
3341
3343
3344
3345
3346
3348
3349
3350
3351
3352
3353
3354
3357
3368
3390
3391
3407
3408
3423
3429
3430
3442
3444
3447
3448
3452
3454
3455
3463
3467
3468
3491
3492
3507
3508
3510
3523
3531
3544
3561
3566
3567
3569
3581
3592
3593
3607
3608
3611
3623
3624
3633
3634
3659
3665
3680
3681
3692
3693
3707
3708
3710
3711
3725
3729
3730
3760
3761
3780
3793
3794
3807
3808
3813
3814
3826
3849
3879
3880
3893
3894
3907
3908
3972
3979
3994
3995
4007
4008
4013
4036
4078
4094
4095
4106
4107
4117
4138
4177
4192
4194
4195
4206
4207
4217
4241
4272
4276
4292
4295
4306
4307
4318
4375
4376
4395
4405
4406
4418
4475
4495
4505
4506
4559
4574
4594
4595
4605
4612
4674
4694
4695
4704
4705
4711
4730
4774
4794
4795
4804
4805
4809
4831
4832
4846
4873
4894
4895
4904
4905
4908
4932
4977
4993
4994
5004
5005
5013
5014
5033
5072
5093
5094
5104
5112
5120
5134
5167
5192
5193
5204
5205
5234
5271
5291
5292
5304
5305
5335
5371
5391
5392
5404
5405
5406
5420
5436
5452
5490
5491
5506
5507
5520
5537
5548
5549
5550
5551
5589
5590
5607
5608
5618
5620
5638
5652
5660
5689
5690
5708
5709
5718
5739
5759
5788
5789
5809
5810
5811
5818
5840
5887
5888
5910
5911
5912
5918
5921
5986
5987
6012
6013
6032
6058
6085
6086
6087
6113
6114
6119
6159
6184
6185
6186
6214
6215
6216
6221
6224
6259
6284
6285
6315
6316
6317
6322
6325
6359
6383
6384
6417
6418
6427
6459
6482
6483
6518
6519
6581
6582
6619
6620
6621
6659
6680
6681
6720
6721
6722
6780
6822
6823
6831
6858
6879
6880
6923
6924
6925
6972
6978
6979
6980
7024
7025
7026
7033
7034
7035
7057
7071
7076
7077
7078
7079
7126
7127
7128
7142
7157
7170
7174
7175
7176
7177
7228
7229
7230
7231
7242
7243
7260
7261
7264
7265
7266
7273
7274
7330
7331
7332
7333
7334
7335
7344
7345
7346
7347
7348
7349
7350
7351
7352
7371
7372
7373
7434
7435
7436
7437
7438
7456
7457
7458
7459
7460
7461
7462
7463
7464
7465
7466
7467
7468
7469
7470
7471
7538
7539
7540
7541
7542
7543
7544
7545
7546
7547
7548
7549
7550
7551
7552
7553
7554
7555
7556
7557
7558
7642
7643
7644
7645
7646
7647
7648
7649
7650
7651
7652
7653
7654
7753
7754
7853
7854
7953
7954
7955
7956
7957
8052
8053
8054
8055
8056
8057
8058
8059
8151
8152
8153
8154
8155
8157
8158
8159
8160
8161
8249
8250
8251
8252
8254
8255
8260
8261
8262
8263
8348
8349
8350
8351
8354
8355
8362
8363
8364
8447
8448
8449
8454
8455
8464
8465
8466
8467
8546
8547
8548
8554
8555
8566
8567
8568
8645
8646
8647
8654
8655
8667
8668
8669
8670
8744
8745
8746
8754
8755
8769
8770
8771
8843
8844
8845
8854
8855
8856
8870
8871
8872
8873
8942
8943
8944
8945
8954
8955
8956
8972
8973
8974
9041
9042
9043
9044
9054
9055
9056
9073
9074
9075
9076
9141
9142
9143
9154
9155
9156
9174
9175
9176
9177
9240
9241
9242
9254
9255
9256
9275
9276
9277
9278
