62
63
64
65
66
67
68
69
70
156
157
158
159
160
161
162
163
164
165
166
167
168
169
170
171
172
173
174
175
176
253
254
255
256
257
258
259
260
261
262
263
264
265
266
267
268
269
270
271
272
273
274
275
276
277
278
279
280
350
351
352
353
354
355
356
357
358
359
360
361
362
363
364
365
366
367
368
369
370
371
372
373
374
375
376
377
378
379
380
381
382
448
449
450
451
452
453
454
455
456
457
458
459
460
461
462
463
464
465
466
467
468
469
470
471
472
473
474
475
476
477
478
479
480
481
482
483
484
547
548
549
550
551
552
553
554
555
556
557
558
559
560
561
562
563
564
565
566
567
568
569
570
571
572
573
574
575
576
577
578
579
580
581
582
583
584
585
586
645
646
647
648
649
650
651
652
653
654
655
656
657
658
659
660
661
662
663
664
665
666
667
668
669
670
671
672
673
674
675
676
677
678
679
680
681
682
683
684
685
686
687
688
744
745
746
747
748
749
750
751
752
753
754
755
756
757
758
759
760
761
762
763
764
765
766
767
768
769
770
771
772
773
774
775
776
777
778
779
780
781
782
783
784
785
786
787
788
789
843
844
845
846
847
848
849
850
851
852
853
854
855
856
857
858
859
874
875
876
877
878
879
880
881
882
883
884
885
886
887
888
889
942
943
944
945
946
947
948
949
950
951
952
953
954
955
956
978
979
980
981
982
983
984
985
986
987
988
989
1041
1042
1043
1044
1045
1046
1047
1048
1049
1050
1051
1052
1053
1080
1081
1082
1083
1084
1085
1086
1087
1088
1089
1140
1141
1142
1143
1144
1145
1146
1147
1148
1149
1150
1151
1182
1183
1184
1185
1186
1187
1188
1189
1239
1240
1241
1242
1243
1244
1245
1246
1247
1248
1249
1250
1284
1285
1286
1287
1288
1289
1338
1339
1340
1341
1342
1343
1344
1345
1346
1347
1348
1349
1386
1387
1388
1389
1437
1438
1439
1440
1441
1442
1443
1444
1445
1446
1447
1448
1487
1488
1489
1537
1538
1539
1540
1541
1542
1543
1544
1545
1546
1547
1588
1589
1636
1637
1638
1639
1640
1641
1642
1643
1644
1645
1646
1736
1737
1738
1739
1740
1741
1742
1743
1744
1745
1835
1836
1837
1838
1839
1840
1841
1842
1843
1844
1935
1936
1937
1938
1939
1940
1941
1942
1943
1944
2034
2035
2036
2037
2038
2039
2040
2041
2042
2043
2134
2135
2136
2137
2138
2139
2140
2141
2142
2143
2234
2235
2236
2237
2238
2239
2240
2241
2242
2333
2334
2335
2336
2337
2338
2339
2340
2341
2342
2433
2434
2435
2436
2437
2438
2439
2440
2441
2442
2533
2534
2535
2536
2537
2538
2539
2540
2541
2632
2633
2634
2635
2636
2637
2638
2639
2640
2641
2732
2733
2734
2735
2736
2737
2738
2739
2740
2741
2832
2833
2834
2835
2836
2837
2838
2839
2840
2841
2932
2933
2934
2935
2936
2937
2938
2939
2940
3032
3033
3034
3035
3036
3037
3038
3039
3040
3132
3133
3134
3135
3136
3137
3138
3139
3140
3232
3233
3234
3235
3236
3237
3238
3239
3240
3331
3332
3333
3334
3335
3336
3337
3338
3339
3340
3431
3432
3433
3434
3435
3436
3437
3438
3439
3440
3531
3532
3533
3534
3535
3536
3537
3538
3539
3540
3631
3632
3633
3634
3635
3636
3637
3638
3639
3640
3731
3732
3733
3734
3735
3736
3737
3738
3739
3740
3831
3832
3833
3834
3835
3836
3837
3838
3839
3840
3931
3932
3933
3934
3935
3936
3937
3938
3939
3940
4031
4032
4033
4034
4035
4036
4037
4038
4039
4040
4131
4132
4133
4134
4135
4136
4137
4138
4139
4140
4231
4232
4233
4234
4235
4236
4237
4238
4239
4240
4332
4333
4334
4335
4336
4337
4338
4339
4340
4432
4433
4434
4435
4436
4437
4438
4439
4440
4532
4533
4534
4535
4536
4537
4538
4539
4540
4632
4633
4634
4635
4636
4637
4638
4639
4640
4732
4733
4734
4735
4736
4737
4738
4739
4740
4741
4832
4833
4834
4835
4836
4837
4838
4839
4840
4841
4932
4933
4934
4935
4936
4937
4938
4939
4940
4941
5033
5034
5035
5036
5037
5038
5039
5040
5041
5133
5134
5135
5136
5137
5138
5139
5140
5141
5142
5233
5234
5235
5236
5237
5238
5239
5240
5241
5242
5334
5335
5336
5337
5338
5339
5340
5341
5342
5434
5435
5436
5437
5438
5439
5440
5441
5442
5443
5534
5535
5536
5537
5538
5539
5540
5541
5542
5543
5635
5636
5637
5638
5639
5640
5641
5642
5643
5644
5735
5736
5737
5738
5739
5740
5741
5742
5743
5744
5836
5837
5838
5839
5840
5841
5842
5843
5844
5845
5936
5937
5938
5939
5940
5941
5942
5943
5944
5945
5946
6037
6038
6039
6040
6041
6042
6043
6044
6045
6046
6047
6088
6089
6137
6138
6139
6140
6141
6142
6143
6144
6145
6146
6147
6148
6187
6188
6189
6238
6239
6240
6241
6242
6243
6244
6245
6246
6247
6248
6249
6286
6287
6288
6289
6339
6340
6341
6342
6343
6344
6345
6346
6347
6348
6349
6350
6384
6385
6386
6387
6388
6389
6440
6441
6442
6443
6444
6445
6446
6447
6448
6449
6450
6451
6482
6483
6484
6485
6486
6487
6488
6489
6541
6542
6543
6544
6545
6546
6547
6548
6549
6550
6551
6552
6553
6580
6581
6582
6583
6584
6585
6586
6587
6588
6589
6642
6643
6644
6645
6646
6647
6648
6649
6650
6651
6652
6653
6654
6655
6656
6678
6679
6680
6681
6682
6683
6684
6685
6686
6687
6688
6689
6743
6744
6745
6746
6747
6748
6749
6750
6751
6752
6753
6754
6755
6756
6757
6758
6759
6774
6775
6776
6777
6778
6779
6780
6781
6782
6783
6784
6785
6786
6787
6788
6789
6844
6845
6846
6847
6848
6849
6850
6851
6852
6853
6854
6855
6856
6857
6858
6859
6860
6861
6862
6863
6864
6865
6866
6867
6868
6869
6870
6871
6872
6873
6874
6875
6876
6877
6878
6879
6880
6881
6882
6883
6884
6885
6886
6887
6888
6889
6945
6946
6947
6948
6949
6950
6951
6952
6953
6954
6955
6956
6957
6958
6959
6960
6961
6962
6963
6964
6965
6966
6967
6968
6969
6970
6971
6972
6973
6974
6975
6976
6977
6978
6979
6980
6981
6982
6983
6984
6985
6986
6987
6988
7047
7048
7049
7050
7051
7052
7053
7054
7055
7056
7057
7058
7059
7060
7061
7062
7063
7064
7065
7066
7067
7068
7069
7070
7071
7072
7073
7074
7075
7076
7077
7078
7079
7080
7081
7082
7083
7084
7085
7086
7148
7149
7150
7151
7152
7153
7154
7155
7156
7157
7158
7159
7160
7161
7162
7163
7164
7165
7166
7167
7168
7169
7170
7171
7172
7173
7174
7175
7176
7177
7178
7179
7180
7181
7182
7183
7184
7250
7251
7252
7253
7254
7255
7256
7257
7258
7259
7260
7261
7262
7263
7264
7265
7266
7267
7268
7269
7270
7271
7272
7273
7274
7275
7276
7277
7278
7279
7280
7281
7282
7353
7354
7355
7356
7357
7358
7359
7360
7361
7362
7363
7364
7365
7366
7367
7368
7369
7370
7371
7372
7373
7374
7375
7376
7377
7378
7379
7456
7457
7458
7459
7460
7461
7462
7463
7464
7465
7466
7467
7468
7469
7470
7471
7472
7473
7474
7475
7476
7562
7563
7564
7565
7566
7567
7568
7569
7570
7712
7713
7714
7810
7811
7812
7813
7814
7815
7816
7909
7910
7916
7917
8008
8009
8017
8018
8108
8109
8117
8118
8208
8218
8307
8308
8318
8319
8407
8408
8418
8419
8507
8508
8518
8519
8607
8608
8618
8619
8707
8708
8718
8719
8807
8808
8818
8819
8908
8918
9008
9009
9017
9018
9108
9109
9117
9118
9209
9210
9216
9217
9310
9311
9312
9313
9314
9315
9316
9412
9413
9414
