434
435
436
437
438
439
440
441
442
534
535
536
537
538
539
540
541
542
634
635
636
637
638
639
640
641
642
734
735
736
737
738
739
740
741
742
834
835
836
837
838
839
840
841
842
934
935
936
937
938
939
940
941
942
1034
1035
1036
1037
1038
1039
1040
1041
1042
1134
1135
1136
1137
1138
1139
1140
1141
1142
1234
1235
1236
1237
1238
1239
1240
1241
1242
1334
1335
1336
1337
1338
1339
1340
1341
1342
1434
1435
1436
1437
1438
1439
1440
1441
1442
1534
1535
1536
1537
1538
1539
1540
1541
1542
1634
1635
1636
1637
1638
1639
1640
1641
1642
1734
1735
1736
1737
1738
1739
1740
1741
1742
1834
1835
1836
1837
1838
1839
1840
1841
1842
1934
1935
1936
1937
1938
1939
1940
1941
1942
2027
2028
2029
2030
2031
2032
2033
2034
2035
2036
2037
2038
2039
2040
2041
2042
2043
2044
2045
2046
2047
2048
2049
2050
2051
2052
2053
2054
2055
2056
2057
2058
2059
2060
2061
2127
2128
2129
2130
2131
2132
2133
2134
2135
2136
2137
2138
2139
2140
2141
2142
2143
2144
2145
2146
2147
2148
2149
2150
2151
2152
2153
2154
2155
2156
2157
2158
2159
2160
2161
2227
2228
2229
2230
2231
2232
2233
2234
2235
2236
2237
2238
2239
2240
2241
2242
2243
2244
2245
2246
2247
2248
2249
2250
2251
2252
2253
2254
2255
2256
2257
2258
2259
2260
2261
2327
2328
2329
2330
2331
2332
2333
2334
2335
2336
2337
2338
2339
2340
2341
2342
2343
2344
2345
2346
2347
2348
2349
2350
2351
2352
2353
2354
2355
2356
2357
2358
2359
2360
2361
2427
2428
2429
2430
2431
2432
2433
2434
2435
2436
2437
2438
2439
2440
2441
2442
2443
2444
2445
2446
2447
2448
2449
2450
2451
2452
2453
2454
2455
2456
2457
2458
2459
2460
2461
2527
2528
2529
2530
2531
2532
2533
2534
2535
2536
2537
2538
2539
2540
2541
2542
2543
2544
2545
2546
2547
2548
2549
2550
2551
2552
2553
2554
2555
2556
2557
2558
2559
2560
2561
2627
2628
2629
2630
2631
2632
2633
2634
2635
2636
2637
2638
2639
2640
2641
2642
2643
2644
2645
2646
2647
2648
2649
2650
2651
2652
2653
2654
2655
2656
2657
2658
2659
2660
2661
2734
2735
2736
2737
2738
2739
2740
2741
2742
2834
2835
2836
2837
2838
2839
2840
2841
2842
2934
2935
2936
2937
2938
2939
2940
2941
2942
3034
3035
3036
3037
3038
3039
3040
3041
3042
3134
3135
3136
3137
3138
3139
3140
3141
3142
3234
3235
3236
3237
3238
3239
3240
3241
3242
3334
3335
3336
3337
3338
3339
3340
3341
3342
3434
3435
3436
3437
3438
3439
3440
3441
3442
3534
3535
3536
3537
3538
3539
3540
3541
3542
3634
3635
3636
3637
3638
3639
3640
3641
3642
3734
3735
3736
3737
3738
3739
3740
3741
3742
3834
3835
3836
3837
3838
3839
3840
3841
3842
3934
3935
3936
3937
3938
3939
3940
3941
3942
4034
4035
4036
4037
4038
4039
4040
4041
4042
4134
4135
4136
4137
4138
4139
4140
4141
4142
4234
4235
4236
4237
4238
4239
4240
4241
4242
4334
4335
4336
4337
4338
4339
4340
4341
4342
4434
4435
4436
4437
4438
4439
4440
4441
4442
4534
4535
4536
4537
4538
4539
4540
4541
4542
4634
4635
4636
4637
4638
4639
4640
4641
4642
4734
4735
4736
4737
4738
4739
4740
4741
4742
4834
4835
4836
4837
4838
4839
4840
4841
4842
4934
4935
4936
4937
4938
4939
4940
4941
4942
5034
5035
5036
5037
5038
5039
5040
5041
5042
5134
5135
5136
5137
5138
5139
5140
5141
5142
5234
5235
5236
5237
5238
5239
5240
5241
5242
5334
5335
5336
5337
5338
5339
5340
5341
5342
5434
5435
5436
5437
5438
5439
5440
5441
5442
5534
5535
5536
5537
5538
5539
5540
5541
5542
5634
5635
5636
5637
5638
5639
5640
5641
5642
5734
5735
5736
5737
5738
5739
5740
5741
5742
5834
5835
5836
5837
5838
5839
5840
5841
5842
5934
5935
5936
5937
5938
5939
5940
5941
5942
6034
6035
6036
6037
6038
6039
6040
6041
6042
6135
6136
6137
6138
6139
6140
6141
6142
6235
6236
6237
6238
6239
6240
6241
6242
6335
6336
6337
6338
6339
6340
6341
6342
6343
6435
6436
6437
6438
6439
6440
6441
6442
6443
6535
6536
6537
6538
6539
6540
6541
6542
6543
6544
6636
6637
6638
6639
6640
6641
6642
6643
6644
6645
6646
6736
6737
6738
6739
6740
6741
6742
6743
6744
6745
6746
6747
6748
6749
6750
6751
6752
6753
6754
6755
6756
6757
6758
6759
6760
6761
6836
6837
6838
6839
6840
6841
6842
6843
6844
6845
6846
6847
6848
6849
6850
6851
6852
6853
6854
6855
6856
6857
6858
6859
6860
6861
6937
6938
6939
6940
6941
6942
6943
6944
6945
6946
6947
6948
6949
6950
6951
6952
6953
6954
6955
6956
6957
6958
6959
6960
6961
7038
7039
7040
7041
7042
7043
7044
7045
7046
7047
7048
7049
7050
7051
7052
7053
7054
7055
7056
7057
7058
7059
7060
7061
7139
7140
7141
7142
7143
7144
7145
7146
7147
7148
7149
7150
7151
7152
7153
7154
7155
7156
7157
7158
7159
7160
7161
7240
7241
7242
7243
7244
7245
7246
7247
7248
7249
7250
7251
7252
7253
7254
7255
7256
7257
7258
7259
7260
7261
7343
7344
7345
7346
7347
7348
7349
7350
7351
7352
7353
7354
7355
7356
7357
7358
7359
7360
7361
7448
7449
7450
7451
7452
7453
7454
7455
7456
7457
7458
7459
7460
7461
7707
7708
7709
7710
7711
7712
7713
7714
7715
7716
7717
7718
7807
7808
7809
7810
7811
7812
7813
7814
7815
7816
7817
7818
7916
7917
8016
8017
8116
8215
8216
8315
8316
8414
8415
8514
8515
8614
8713
8714
8813
8814
8912
8913
9012
9013
9112
9211
9212
9311
9312
9410
9411
