2144
2145
2146
2147
2148
2149
2150
2151
2152
2153
2154
2155
2156
2157
2158
2240
2241
2242
2259
2260
2261
2338
2339
2362
2363
2435
2436
2464
2465
2534
2566
2632
2667
2731
2768
2830
2869
2929
2955
2956
2969
3028
3059
3060
3070
3127
3144
3152
3153
3154
3155
3163
3170
3171
3172
3226
3258
3259
3260
3265
3266
3267
3268
3269
3270
3271
3326
3344
3345
3346
3347
3348
3349
3350
3351
3352
3353
3354
3361
3362
3363
3364
3372
3425
3436
3437
3438
3439
3440
3441
3442
3443
3444
3445
3458
3459
3460
3461
3472
3524
3532
3545
3546
3547
3548
3549
3550
3558
3572
3624
3650
3651
3662
3667
3673
3743
3748
3761
3765
3768
3773
3823
3849
3858
3861
3865
3868
3873
3923
3935
3936
3937
3946
3950
3963
3964
3965
3966
3967
4032
4042
4050
4059
4068
4074
4122
4135
4136
4140
4144
4145
4146
4147
4148
4149
4159
4163
4164
4165
4166
4174
4222
4242
4243
4244
4266
4274
4322
4358
4422
4443
4444
4445
4446
4455
4456
4458
4475
4522
4558
4575
4645
4646
4658
4675
4721
4743
4763
4764
4775
4821
4827
4842
4843
4844
4847
4859
4865
4875
4921
4941
4959
4963
4966
4975
5021
5040
5047
5048
5049
5050
5060
5064
5067
5160
5239
5268
5322
5350
5359
5422
5446
5453
5457
5522
5535
5545
5622
5644
5652
5653
5654
5655
5656
5657
5658
5664
5675
5723
5750
5751
5759
5760
5775
5823
5843
5849
5861
5865
5875
5923
5943
5948
5961
5975
6024
6048
6062
6075
6124
6162
6174
6225
6274
6325
6332
6333
6334
6374
6426
6429
6430
6431
6432
6433
6434
6435
6436
6437
6438
6439
6473
6527
6528
6529
6530
6531
6532
6533
6534
6535
6536
6537
6538
6539
6540
6541
6542
6549
6550
6551
6552
6553
6554
6555
6556
6557
6566
6567
6568
6569
6570
6573
6574
6575
6627
6628
6629
6630
6638
6639
6640
6641
6642
6643
6644
6645
6647
6648
6649
6650
6651
6652
6653
6654
6655
6656
6657
6665
6666
6667
6668
6669
6672
6673
6674
6675
6676
6726
6727
6728
6729
6730
6741
6742
6743
6744
6745
6746
6747
6748
6749
6750
6751
6752
6753
6754
6755
6758
6759
6764
6765
6766
6767
6770
6771
6772
6773
6774
6775
6776
6777
6826
6827
6831
6844
6845
6846
6847
6848
6849
6850
6851
6852
6853
6854
6857
6858
6859
6860
6863
6864
6865
6866
6868
6869
6870
6871
6872
6873
6874
6875
6876
6877
6932
6933
6945
6946
6947
6948
6949
6950
6951
6952
6956
6957
6958
6959
6960
6961
6962
6963
6964
6966
6967
6968
6969
6970
6971
6972
6973
6974
6975
6976
6977
6978
7034
7035
7036
7044
7045
7046
7047
7048
7049
7050
7051
7054
7055
7056
7057
7058
7059
7060
7061
7062
7063
7065
7066
7067
7068
7069
7070
7071
7072
7073
7074
7075
7076
7077
7078
7137
7138
7142
7143
7147
7150
7153
7154
7155
7156
7157
7158
7159
7160
7161
7162
7163
7164
7165
7166
7167
7168
7169
7170
7171
7172
7173
7174
7175
7176
7177
7240
7241
7246
7250
7252
7253
7254
7255
7256
7257
7258
7259
7260
7263
7264
7265
7266
7267
7268
7269
7270
7271
7272
7273
7274
7275
7276
7277
7340
7345
7350
7351
7352
7353
7354
7355
7356
7357
7358
7359
7360
7361
7364
7365
7366
7367
7368
7369
7370
7371
7372
7373
7374
7375
7376
7377
7440
7441
7444
7449
7450
7451
7452
7453
7454
7455
7456
7457
7458
7459
7465
7466
7467
7468
7469
7470
7471
7472
7473
7474
7475
7476
7540
7543
7548
7549
7550
7551
7552
7553
7554
7555
7556
7557
7558
7568
7569
7570
7571
7572
7573
7574
7639
7640
7642
7647
7650
7651
7652
7653
7654
7655
7656
7657
7658
7739
7746
7750
7758
7839
7841
7858
