1858
1859
1860
1861
1862
1863
1864
1865
1953
1954
1955
1956
1957
1958
1959
1960
1961
1962
1963
1964
1965
2034
2035
2036
2037
2038
2039
2040
2041
2042
2051
2052
2053
2054
2055
2056
2057
2058
2059
2060
2061
2062
2063
2064
2065
2134
2135
2136
2137
2138
2139
2140
2141
2142
2149
2150
2151
2152
2153
2154
2155
2156
2157
2158
2159
2160
2161
2162
2163
2164
2165
2234
2235
2236
2237
2238
2239
2240
2241
2242
2248
2249
2250
2251
2252
2253
2254
2255
2256
2257
2258
2259
2260
2261
2262
2263
2264
2265
2334
2335
2336
2337
2338
2339
2340
2341
2342
2347
2348
2349
2350
2351
2352
2353
2354
2355
2356
2357
2358
2359
2360
2361
2362
2363
2364
2365
2434
2435
2436
2437
2438
2439
2440
2441
2442
2446
2447
2448
2449
2450
2451
2452
2453
2454
2455
2456
2457
2458
2459
2460
2461
2462
2463
2464
2465
2534
2535
2536
2537
2538
2539
2540
2541
2542
2545
2546
2547
2548
2549
2550
2551
2552
2553
2554
2555
2556
2557
2558
2559
2560
2561
2562
2563
2564
2565
2634
2635
2636
2637
2638
2639
2640
2641
2642
2644
2645
2646
2647
2648
2649
2650
2651
2652
2653
2665
2734
2735
2736
2737
2738
2739
2740
2741
2742
2744
2745
2746
2747
2748
2749
2750
2834
2835
2836
2837
2838
2839
2840
2841
2842
2843
2844
2845
2846
2847
2848
2849
2934
2935
2936
2937
2938
2939
2940
2941
2942
2943
2944
2945
2946
2947
3034
3035
3036
3037
3038
3039
3040
3041
3042
3043
3044
3045
3046
3134
3135
3136
3137
3138
3139
3140
3141
3142
3143
3144
3145
3146
3234
3235
3236
3237
3238
3239
3240
3241
3242
3243
3244
3245
3334
3335
3336
3337
3338
3339
3340
3341
3342
3343
3344
3434
3435
3436
3437
3438
3439
3440
3441
3442
3443
3444
3534
3535
3536
3537
3538
3539
3540
3541
3542
3543
3634
3635
3636
3637
3638
3639
3640
3641
3642
3643
3734
3735
3736
3737
3738
3739
3740
3741
3742
3743
3834
3835
3836
3837
3838
3839
3840
3841
3842
3934
3935
3936
3937
3938
3939
3940
3941
3942
4034
4035
4036
4037
4038
4039
4040
4041
4042
4134
4135
4136
4137
4138
4139
4140
4141
4142
4234
4235
4236
4237
4238
4239
4240
4241
4242
4334
4335
4336
4337
4338
4339
4340
4341
4342
4434
4435
4436
4437
4438
4439
4440
4441
4442
4534
4535
4536
4537
4538
4539
4540
4541
4542
4634
4635
4636
4637
4638
4639
4640
4641
4642
4734
4735
4736
4737
4738
4739
4740
4741
4742
4834
4835
4836
4837
4838
4839
4840
4841
4842
4934
4935
4936
4937
4938
4939
4940
4941
4942
5034
5035
5036
5037
5038
5039
5040
5041
5042
5134
5135
5136
5137
5138
5139
5140
5141
5142
5234
5235
5236
5237
5238
5239
5240
5241
5242
5334
5335
5336
5337
5338
5339
5340
5341
5342
5434
5435
5436
5437
5438
5439
5440
5441
5442
5534
5535
5536
5537
5538
5539
5540
5541
5542
5634
5635
5636
5637
5638
5639
5640
5641
5642
5734
5735
5736
5737
5738
5739
5740
5741
5742
5834
5835
5836
5837
5838
5839
5840
5841
5842
5934
5935
5936
5937
5938
5939
5940
5941
5942
6034
6035
6036
6037
6038
6039
6040
6041
6042
6134
6135
6136
6137
6138
6139
6140
6141
6142
6234
6235
6236
6237
6238
6239
6240
6241
6242
6334
6335
6336
6337
6338
6339
6340
6341
6342
6434
6435
6436
6437
6438
6439
6440
6441
6442
6534
6535
6536
6537
6538
6539
6540
6541
6542
6634
6635
6636
6637
6638
6639
6640
6641
6642
6734
6735
6736
6737
6738
6739
6740
6741
6742
6834
6835
6836
6837
6838
6839
6840
6841
6842
6934
6935
6936
6937
6938
6939
6940
6941
6942
7034
7035
7036
7037
7038
7039
7040
7041
7042
7134
7135
7136
7137
7138
7139
7140
7141
7142
7234
7235
7236
7237
7238
7239
7240
7241
7242
7334
7335
7336
7337
7338
7339
7340
7341
7342
7434
7435
7436
7437
7438
7439
7440
7441
7442
7710
7711
7712
7713
7728
7729
7730
7807
7808
7809
7810
7811
7812
7813
7814
7815
7826
7827
7828
7829
7830
7831
7832
7907
7908
7915
7916
7925
7926
7932
7933
8016
8017
8024
8025
8033
8034
8116
8117
8124
8125
8133
8134
8216
8217
8224
8234
8316
8317
8323
8324
8334
8335
8415
8416
8423
8424
8434
8435
8515
8516
8523
8524
8534
8535
8614
8615
8623
8624
8634
8635
8713
8714
8723
8724
8734
8735
8812
8813
8823
8824
8834
8835
8911
8912
8924
8934
9010
9011
9024
9025
9033
9034
9109
9110
9124
9125
9133
9134
9208
9209
9225
9226
9232
9233
9307
9308
9309
9310
9311
9312
9313
9314
9315
9316
9317
9326
9327
9328
9329
9330
9331
9332
9407
9408
9409
9410
9411
9412
9413
9414
9415
9416
9417
9428
9429
9430
