71
72
73
74
75
76
77
78
79
171
172
173
174
175
176
177
178
179
271
272
273
274
275
276
277
278
279
371
372
373
374
375
376
377
378
379
471
472
473
474
475
476
477
478
479
571
572
573
574
575
576
577
578
579
671
672
673
674
675
676
677
678
679
771
772
773
774
775
776
777
778
779
871
872
873
874
875
876
877
878
879
971
972
973
974
975
976
977
978
979
1071
1072
1073
1074
1075
1076
1077
1078
1079
1171
1172
1173
1174
1175
1176
1177
1178
1179
1271
1272
1273
1274
1275
1276
1277
1278
1279
1371
1372
1373
1374
1375
1376
1377
1378
1379
1471
1472
1473
1474
1475
1476
1477
1478
1479
1571
1572
1573
1574
1575
1576
1577
1578
1579
1671
1672
1673
1674
1675
1676
1677
1678
1679
1771
1772
1773
1774
1775
1776
1777
1778
1779
1850
1851
1852
1853
1854
1855
1856
1871
1872
1873
1874
1875
1876
1877
1878
1879
1946
1947
1948
1949
1950
1951
1952
1953
1954
1955
1956
1957
1958
1959
1960
1971
1972
1973
1974
1975
1976
1977
1978
1979
2044
2045
2046
2047
2048
2049
2050
2051
2052
2053
2054
2055
2056
2057
2058
2059
2060
2061
2062
2071
2072
2073
2074
2075
2076
2077
2078
2079
2142
2143
2144
2145
2146
2147
2148
2149
2150
2151
2152
2153
2154
2155
2156
2157
2158
2159
2160
2161
2162
2163
2164
2171
2172
2173
2174
2175
2176
2177
2178
2179
2241
2242
2243
2244
2245
2246
2247
2248
2249
2250
2251
2252
2253
2254
2255
2256
2257
2258
2259
2260
2261
2262
2263
2264
2265
2271
2272
2273
2274
2275
2276
2277
2278
2279
2340
2341
2342
2343
2344
2345
2346
2347
2348
2349
2350
2351
2352
2353
2354
2355
2356
2357
2358
2359
2360
2361
2362
2363
2364
2365
2366
2371
2372
2373
2374
2375
2376
2377
2378
2379
2439
2440
2441
2442
2443
2444
2445
2446
2447
2448
2449
2450
2451
2452
2453
2454
2455
2456
2457
2458
2459
2460
2461
2462
2463
2464
2465
2466
2467
2471
2472
2473
2474
2475
2476
2477
2478
2479
2538
2539
2540
2541
2542
2543
2544
2545
2546
2547
2548
2549
2550
2551
2552
2553
2554
2555
2556
2557
2558
2559
2560
2561
2562
2563
2564
2565
2566
2567
2568
2571
2572
2573
2574
2575
2576
2577
2578
2579
2637
2638
2639
2640
2641
2642
2643
2644
2645
2646
2647
2648
2649
2650
2661
2662
2663
2664
2665
2666
2667
2668
2669
2671
2672
2673
2674
2675
2676
2677
2678
2679
2736
2737
2738
2739
2740
2741
2742
2743
2744
2745
2746
2747
2748
2763
2764
2765
2766
2767
2768
2769
2771
2772
2773
2774
2775
2776
2777
2778
2779
2836
2837
2838
2839
2840
2841
2842
2843
2844
2845
2846
2847
2864
2865
2866
2867
2868
2869
2870
2871
2872
2873
2874
2875
2876
2877
2878
2879
2935
2936
2937
2938
2939
2940
2941
2942
2943
2944
2945
2946
2965
2966
2967
2968
2969
2970
2971
2972
2973
2974
2975
2976
2977
2978
2979
3035
3036
3037
3038
3039
3040
3041
3042
3043
3044
3045
3066
3067
3068
3069
3070
3071
3072
3073
3074
3075
3076
3077
3078
3079
3134
3135
3136
3137
3138
3139
3140
3141
3142
3143
3144
3167
3168
3169
3170
3171
3172
3173
3174
3175
3176
3177
3178
3179
3234
3235
3236
3237
3238
3239
3240
3241
3242
3243
3268
3269
3270
3271
3272
3273
3274
3275
3276
3277
3278
3279
3333
3334
3335
3336
3337
3338
3339
3340
3341
3342
3343
3368
3369
3370
3371
3372
3373
3374
3375
3376
3377
3378
3379
3433
3434
3435
3436
3437
3438
3439
3440
3441
3442
3469
3470
3471
3472
3473
3474
3475
3476
3477
3478
3479
3533
3534
3535
3536
3537
3538
3539
3540
3541
3542
3569
3570
3571
3572
3573
3574
3575
3576
3577
3578
3579
3632
3633
3634
3635
3636
3637
3638
3639
3640
3641
3670
3671
3672
3673
3674
3675
3676
3677
3678
3679
3732
3733
3734
3735
3736
3737
3738
3739
3740
3741
3770
3771
3772
3773
3774
3775
3776
3777
3778
3779
3832
3833
3834
3835
3836
3837
3838
3839
3840
3841
3870
3871
3872
3873
3874
3875
3876
3877
3878
3879
3932
3933
3934
3935
3936
3937
3938
3939
3940
3941
3970
3971
3972
3973
3974
3975
3976
3977
3978
3979
4032
4033
4034
4035
4036
4037
4038
4039
4040
4071
4072
4073
4074
4075
4076
4077
4078
4079
4132
4133
4134
4135
4136
4137
4138
4139
4140
4171
4172
4173
4174
4175
4176
4177
4178
4179
4231
4232
4233
4234
4235
4236
4237
4238
4239
4240
4271
4272
4273
4274
4275
4276
4277
4278
4279
4331
4332
4333
4334
4335
4336
4337
4338
4339
4340
4371
4372
4373
4374
4375
4376
4377
4378
4379
4431
4432
4433
4434
4435
4436
4437
4438
4439
4440
4471
4472
4473
4474
4475
4476
4477
4478
4479
4531
4532
4533
4534
4535
4536
4537
4538
4539
4540
4571
4572
4573
4574
4575
4576
4577
4578
4579
4631
4632
4633
4634
4635
4636
4637
4638
4639
4640
4671
4672
4673
4674
4675
4676
4677
4678
4679
4731
4732
4733
4734
4735
4736
4737
4738
4739
4740
4771
4772
4773
4774
4775
4776
4777
4778
4779
4831
4832
4833
4834
4835
4836
4837
4838
4839
4840
4871
4872
4873
4874
4875
4876
4877
4878
4879
4931
4932
4933
4934
4935
4936
4937
4938
4939
4940
4971
4972
4973
4974
4975
4976
4977
4978
4979
5031
5032
5033
5034
5035
5036
5037
5038
5039
5040
5071
5072
5073
5074
5075
5076
5077
5078
5079
5131
5132
5133
5134
5135
5136
5137
5138
5139
5140
5171
5172
5173
5174
5175
5176
5177
5178
5179
5232
5233
5234
5235
5236
5237
5238
5239
5240
5271
5272
5273
5274
5275
5276
5277
5278
5279
5332
5333
5334
5335
5336
5337
5338
5339
5340
5371
5372
5373
5374
5375
5376
5377
5378
5379
5432
5433
5434
5435
5436
5437
5438
5439
5440
5441
5470
5471
5472
5473
5474
5475
5476
5477
5478
5479
5532
5533
5534
5535
5536
5537
5538
5539
5540
5541
5570
5571
5572
5573
5574
5575
5576
5577
5578
5579
5632
5633
5634
5635
5636
5637
5638
5639
5640
5641
5670
5671
5672
5673
5674
5675
5676
5677
5678
5679
5732
5733
5734
5735
5736
5737
5738
5739
5740
5741
5770
5771
5772
5773
5774
5775
5776
5777
5778
5779
5833
5834
5835
5836
5837
5838
5839
5840
5841
5842
5869
5870
5871
5872
5873
5874
5875
5876
5877
5878
5879
5933
5934
5935
5936
5937
5938
5939
5940
5941
5942
5969
5970
5971
5972
5973
5974
5975
5976
5977
5978
5979
6033
6034
6035
6036
6037
6038
6039
6040
6041
6042
6043
6068
6069
6070
6071
6072
6073
6074
6075
6076
6077
6078
6079
6134
6135
6136
6137
6138
6139
6140
6141
6142
6143
6168
6169
6170
6171
6172
6173
6174
6175
6176
6177
6178
6179
6234
6235
6236
6237
6238
6239
6240
6241
6242
6243
6244
6267
6268
6269
6270
6271
6272
6273
6274
6275
6276
6277
6278
6279
6335
6336
6337
6338
6339
6340
6341
6342
6343
6344
6345
6366
6367
6368
6369
6370
6371
6372
6373
6374
6375
6376
6377
6378
6379
6435
6436
6437
6438
6439
6440
6441
6442
6443
6444
6445
6446
6465
6466
6467
6468
6469
6470
6471
6472
6473
6474
6475
6476
6477
6478
6479
6536
6537
6538
6539
6540
6541
6542
6543
6544
6545
6546
6547
6564
6565
6566
6567
6568
6569
6570
6571
6572
6573
6574
6575
6576
6577
6578
6579
6636
6637
6638
6639
6640
6641
6642
6643
6644
6645
6646
6647
6648
6663
6664
6665
6666
6667
6668
6669
6671
6672
6673
6674
6675
6676
6677
6678
6679
6737
6738
6739
6740
6741
6742
6743
6744
6745
6746
6747
6748
6749
6750
6761
6762
6763
6764
6765
6766
6767
6768
6769
6771
6772
6773
6774
6775
6776
6777
6778
6779
6838
6839
6840
6841
6842
6843
6844
6845
6846
6847
6848
6849
6850
6851
6852
6853
6854
6855
6856
6857
6858
6859
6860
6861
6862
6863
6864
6865
6866
6867
6868
6871
6872
6873
6874
6875
6876
6877
6878
6879
6939
6940
6941
6942
6943
6944
6945
6946
6947
6948
6949
6950
6951
6952
6953
6954
6955
6956
6957
6958
6959
6960
6961
6962
6963
6964
6965
6966
6967
6971
6972
6973
6974
6975
6976
6977
6978
6979
7040
7041
7042
7043
7044
7045
7046
7047
7048
7049
7050
7051
7052
7053
7054
7055
7056
7057
7058
7059
7060
7061
7062
7063
7064
7065
7066
7071
7072
7073
7074
7075
7076
7077
7078
7079
7141
7142
7143
7144
7145
7146
7147
7148
7149
7150
7151
7152
7153
7154
7155
7156
7157
7158
7159
7160
7161
7162
7163
7164
7165
7171
7172
7173
7174
7175
7176
7177
7178
7179
7242
7243
7244
7245
7246
7247
7248
7249
7250
7251
7252
7253
7254
7255
7256
7257
7258
7259
7260
7261
7262
7263
7264
7271
7272
7273
7274
7275
7276
7277
7278
7279
7344
7345
7346
7347
7348
7349
7350
7351
7352
7353
7354
7355
7356
7357
7358
7359
7360
7361
7362
7371
7372
7373
7374
7375
7376
7377
7378
7379
7446
7447
7448
7449
7450
7451
7452
7453
7454
7455
7456
7457
7458
7459
7460
7471
7472
7473
7474
7475
7476
7477
7478
7479
7550
7551
7552
7553
7554
7555
7556
7710
7711
7712
7713
7730
7731
7732
7807
7808
7809
7810
7811
7812
7813
7814
7815
7829
7830
7831
7832
7907
7908
7915
7916
7928
7929
7931
7932
8016
8017
8028
8031
8032
8116
8117
8127
8128
8131
8132
8216
8217
8226
8227
8231
8232
8316
8317
8326
8331
8332
8415
8416
8425
8426
8431
8432
8515
8516
8524
8525
8531
8532
8614
8615
8624
8631
8632
8713
8714
8723
8724
8731
8732
8812
8813
8822
8823
8831
8832
8911
8912
8922
8923
8924
8925
8926
8927
8928
8929
8930
8931
8932
8933
8934
8935
9010
9011
9022
9023
9024
9025
9026
9027
9028
9029
9030
9031
9032
9033
9034
9035
9109
9110
9131
9132
9208
9209
9231
9232
9307
9308
9309
9310
9311
9312
9313
9314
9315
9316
9317
9331
9332
9407
9408
9409
9410
9411
9412
9413
9414
9415
9416
9417
9431
9432
