544
545
546
547
548
549
550
551
552
553
554
555
556
557
558
634
635
636
637
638
639
640
641
642
643
644
645
646
647
648
649
650
651
652
653
654
655
656
657
658
659
660
661
662
663
664
665
666
667
668
669
670
671
672
673
674
675
676
728
729
730
731
732
733
734
735
736
737
738
739
740
741
742
743
744
745
746
747
748
749
750
751
752
753
754
755
756
757
758
759
760
761
762
763
764
765
766
767
768
769
770
771
772
773
774
775
776
777
824
825
826
827
828
829
830
831
832
833
834
835
836
837
851
852
853
854
855
856
875
876
877
878
921
922
923
924
925
926
927
928
929
930
931
945
946
947
948
959
960
977
978
979
1019
1020
1021
1022
1023
1024
1025
1030
1031
1032
1033
1035
1036
1037
1038
1039
1040
1041
1042
1061
1062
1063
1078
1079
1080
1117
1118
1119
1120
1121
1164
1165
1179
1180
1181
1215
1216
1217
1218
1245
1246
1247
1248
1249
1250
1251
1252
1253
1254
1255
1256
1257
1258
1266
1280
1281
1282
1314
1315
1316
1321
1322
1326
1327
1328
1329
1330
1337
1338
1339
1340
1341
1342
1343
1344
1360
1361
1362
1368
1380
1381
1382
1412
1413
1414
1415
1463
1464
1469
1470
1481
1482
1483
1511
1512
1513
1514
1551
1552
1553
1554
1555
1556
1565
1566
1570
1571
1582
1583
1584
1610
1611
1612
1613
1660
1661
1662
1666
1667
1672
1682
1683
1684
1710
1711
1712
1724
1725
1732
1733
1734
1735
1749
1763
1764
1768
1769
1773
1783
1784
1810
1811
1821
1822
1866
1870
1875
1883
1884
1885
1909
1910
1921
1948
1968
1971
1983
1984
1985
2009
2010
2020
2034
2072
2084
2085
2109
2110
2169
2184
2185
2186
2209
2210
2235
2258
2259
2260
2285
2286
2309
2310
2335
2353
2354
2355
2356
2357
2358
2359
2360
2361
2362
2363
2364
2385
2386
2387
2408
2409
2410
2435
2451
2452
2453
2454
2455
2456
2457
2458
2459
2460
2461
2462
2463
2464
2465
2466
2486
2487
2507
2508
2509
2524
2525
2526
2527
2528
2535
2550
2551
2552
2553
2554
2557
2558
2559
2560
2561
2562
2563
2564
2565
2566
2567
2586
2587
2588
2606
2607
2608
2609
2622
2623
2624
2625
2626
2627
2628
2629
2630
2631
2648
2649
2650
2651
2657
2658
2659
2660
2661
2662
2663
2664
2665
2666
2667
2668
2687
2688
2689
2706
2707
2708
2721
2722
2723
2727
2728
2729
2730
2731
2732
2733
2747
2748
2749
2750
2757
2758
2759
2760
2761
2762
2763
2764
2768
2769
2783
2784
2785
2786
2787
2788
2789
2790
2805
2806
2807
2816
2817
2820
2821
2822
2823
2824
2825
2826
2827
2828
2829
2830
2831
2832
2833
2834
2835
2847
2848
2849
2855
2856
2857
2858
2859
2860
2861
2862
2863
2864
2865
2866
2867
2868
2869
2870
2873
2874
2875
2887
2888
2889
2890
2891
2904
2905
2906
2910
2911
2912
2921
2922
2923
2924
2925
2926
2927
2928
2929
2930
2931
2932
2933
2934
2935
2938
2939
2946
2947
2948
2949
2953
2954
2955
2956
2957
2958
2959
2960
2961
2962
2963
2964
2965
2966
2967
2968
2969
2970
2973
2974
2986
2987
2990
2991
2992
3003
3004
3005
3008
3009
3025
3026
3027
3028
3029
3030
3031
3032
3033
3034
3035
3036
3037
3038
3039
3047
3048
3049
3051
3052
3053
3054
3055
3056
3066
3067
3068
3069
3072
3091
3092
3093
3102
3103
3104
3105
3107
3108
3132
3133
3134
3135
3136
3137
3138
3147
3148
3149
3150
3151
3152
3153
3160
3176
3177
3178
3179
3180
3181
3182
3183
3192
3193
3194
3202
3203
3204
3206
3210
3234
3235
3236
3249
3250
3251
3260
3261
3262
3274
3275
3276
3277
3278
3279
3280
3281
3282
3283
3284
3285
3291
3293
3294
3295
3302
3303
3306
3308
3309
3334
3335
3360
3361
3362
3363
3373
3374
3375
3376
3377
3384
3385
3386
3394
3395
3402
3403
3405
3408
3412
3413
3414
3415
3416
3417
3418
3434
3435
3461
3462
3463
3464
3465
3471
3472
3473
3474
3475
3476
3485
3486
3487
3495
3496
3502
3503
3508
3511
3512
3513
3514
3515
3516
3517
3518
3519
3520
3534
3535
3562
3563
3564
3565
3566
3567
3568
3569
3570
3571
3572
3573
3574
3575
3586
3587
3588
3595
3596
3602
3603
3608
3610
3611
3612
3618
3619
3620
3621
3623
3624
3625
3634
3635
3665
3666
3667
3668
3669
3670
3671
3687
3688
3695
3696
3697
3702
3703
3705
3708
3719
3720
3721
3722
3723
3724
3725
3733
3734
3735
3787
3788
3792
3796
3797
3802
3803
3805
3808
3819
3820
3821
3822
3823
3824
3832
3833
3834
3835
3888
3889
3892
3896
3897
3902
3903
3905
3931
3932
3933
3934
3948
3949
3950
3951
3988
3989
3992
3996
3997
4002
4003
4005
4008
4030
4031
4032
4033
4047
4048
4049
4050
4051
4052
4088
4089
4092
4096
4097
4102
4103
4104
4108
4109
4129
4130
4131
4150
4151
4152
4153
4155
4156
4157
4158
4159
4160
4161
4188
4189
4196
4197
4203
4204
4209
4228
4229
4230
4231
4252
4253
4287
4288
4289
4296
4297
4303
4304
4315
4316
4317
4318
4319
4326
4327
4328
4329
4330
4331
4332
4343
4344
4345
4346
4347
4348
4352
4353
4387
4388
4395
4396
4397
4404
4405
4407
4413
4414
4415
4416
4418
4419
4420
4421
4425
4428
4429
4430
4431
4432
4442
4443
4444
4445
4446
4447
4448
4449
4452
4453
4487
4488
4495
4496
4504
4505
4511
4512
4513
4514
4520
4521
4522
4523
4524
4531
4532
4533
4542
4543
4544
4545
4546
4547
4548
4551
4552
4587
4591
4595
4596
4605
4606
4610
4611
4612
4613
4621
4622
4623
4632
4633
4634
4691
4694
4695
4705
4706
4707
4710
4711
4712
4722
4723
4724
4733
4734
4735
4737
4738
4790
4793
4794
4795
4805
4806
4807
4808
4809
4810
4811
4815
4816
4817
4818
4819
4823
4824
4825
4834
4835
4836
4837
4838
4889
4892
4893
4894
4906
4907
4908
4909
4910
4913
4914
4915
4916
4917
4918
4919
4920
4924
4925
4926
4927
4935
4936
4937
4992
4993
5006
5007
5008
5009
5013
5014
5015
5016
5019
5020
5021
5024
5025
5026
5028
5029
5030
5031
5032
5033
5034
5035
5036
5037
5090
5091
5092
5107
5108
5109
5112
5113
5114
5120
5121
5125
5126
5133
5134
5190
5191
5207
5208
5212
5213
5216
5217
5218
5219
5220
5221
5222
5225
5226
5227
5289
5290
5291
5307
5308
5312
5313
5314
5315
5316
5317
5319
5320
5321
5322
5326
5327
5388
5389
5390
5407
5408
5411
5412
5413
5414
5416
5419
5422
5423
5426
5427
5487
5488
5489
5507
5508
5511
5512
5514
5522
5523
5526
5527
5528
5587
5588
5607
5608
5611
5612
5614
5617
5618
5619
5620
5621
5622
5623
5626
5627
5628
5686
5687
5688
5708
5711
5712
5713
5714
5715
5721
5722
5723
5727
5728
5786
5787
5808
5809
5811
5822
5823
5827
5828
5886
5887
5908
5909
5911
5912
5922
5923
5927
5928
5985
5986
5987
6008
6009
6011
6012
6022
6023
6027
6028
6085
6086
6109
6111
6112
6122
6123
6126
6127
6128
6185
6186
6209
6212
6213
6222
6223
6226
6227
6228
6284
6285
6309
6310
6312
6313
6322
6323
6326
6327
6328
6383
6384
6385
6409
6410
6412
6413
6414
6422
6423
6426
6427
6428
6483
6484
6509
6510
6513
6514
6522
6523
6526
6527
6528
6582
6583
6609
6610
6613
6614
6622
6623
6626
6627
6628
6681
6682
6683
6709
6710
6713
6714
6722
6723
6726
6727
6728
6770
6780
6781
6782
6810
6813
6814
6822
6823
6826
6827
6828
6868
6869
6874
6875
6878
6879
6880
6881
6910
6913
6914
6922
6923
6926
6927
6966
6967
6972
6973
6977
6978
6979
6980
7010
7013
7014
7022
7023
7026
7027
7064
7065
7070
7071
7076
7077
7078
7079
7110
7113
7114
7123
7126
7127
7162
7163
7168
7169
7170
7174
7175
7176
7177
7209
7210
7213
7214
7223
7224
7226
7227
7260
7261
7266
7267
7268
7273
7274
7275
7276
7309
7310
7313
7314
7323
7324
7326
7327
7358
7359
7364
7365
7366
7371
7372
7373
7374
7375
7409
7413
7414
7423
7424
7426
7427
7457
7458
7462
7463
7464
7469
7470
7471
7472
7473
7508
7509
7513
7514
7520
7521
7522
7523
7524
7526
7527
7554
7555
7560
7561
7567
7568
7569
7570
7571
7608
7609
7613
7618
7619
7624
7627
7628
7652
7653
7657
7658
7659
7666
7667
7668
7669
7708
7709
7712
7713
7717
7724
7725
7727
7728
7749
7750
7755
7756
7764
7765
7766
7767
7768
7808
7809
7812
7813
7816
7824
7825
7827
7828
7845
7846
7847
7852
7853
7854
7862
7863
7864
7865
7866
7908
7909
7912
7913
7915
7924
7925
7928
7929
7948
7960
7961
7962
7963
7964
8008
8009
8012
8013
8015
8024
8025
8028
8029
8045
8058
8059
8060
8061
8062
8108
8109
8112
8113
8114
8115
8124
8125
8128
8129
8137
8138
8139
8140
8156
8157
8158
8159
8160
8208
8209
8212
8213
8214
8215
8216
8217
8218
8219
8220
8221
8222
8223
8224
8225
8229
8236
8237
8255
8256
8257
8258
8308
8309
8313
8318
8319
8321
8324
8325
8329
8335
8353
8354
8355
8356
8408
8409
8413
8414
8419
8421
8424
8425
8429
8433
8434
8451
8452
8453
8454
8455
8508
8509
8513
8514
8516
8518
8519
8521
8523
8524
8525
8529
8532
8533
8544
8545
8546
8547
8548
8549
8550
8551
8552
8553
8608
8609
8613
8614
8615
8616
8618
8619
8620
8621
8622
8623
8624
8625
8628
8629
8631
8632
8642
8643
8644
8645
8646
8647
8648
8649
8650
8651
8708
8709
8710
8713
8714
8715
8716
8717
8718
8723
8724
8725
8728
8729
8730
8731
8740
8741
8742
8743
8744
8745
8746
8747
8748
8749
8809
8810
8814
8815
8823
8824
8828
8829
8830
8836
8837
8838
8839
8840
8841
8842
8843
8844
8845
8909
8910
8915
8916
8922
8923
8924
8928
8929
8930
8931
8932
8933
8934
8935
8936
8937
8938
8939
8940
9010
9011
9016
9017
9018
9019
9020
9021
9022
9023
9028
9029
9030
9031
9032
9033
9034
9035
9036
9110
9111
9117
9118
9119
9120
9121
9122
9128
9129
9130
9131
9132
9211
9212
9227
9228
9311
9312
9313
9326
9327
9328
9412
9413
9414
9425
9426
9427
9513
9514
9515
9516
9523
9524
9525
9526
9527
9615
9616
9617
9618
9619
9620
9621
9622
9623
9624
9625
9626
9716
9717
9718
9719
9720
9721
9722
9723
9724
9818
9819
9820
9821
9822
