2034
2035
2036
2037
2038
2039
2040
2041
2042
2071
2072
2073
2074
2075
2076
2077
2078
2079
2134
2135
2136
2137
2138
2139
2140
2141
2142
2171
2172
2173
2174
2175
2176
2177
2178
2179
2234
2235
2236
2237
2238
2239
2240
2241
2242
2271
2272
2273
2274
2275
2276
2277
2278
2279
2334
2335
2336
2337
2338
2339
2340
2341
2342
2371
2372
2373
2374
2375
2376
2377
2378
2379
2434
2435
2436
2437
2438
2439
2440
2441
2442
2471
2472
2473
2474
2475
2476
2477
2478
2479
2534
2535
2536
2537
2538
2539
2540
2541
2542
2571
2572
2573
2574
2575
2576
2577
2578
2579
2634
2635
2636
2637
2638
2639
2640
2641
2642
2671
2672
2673
2674
2675
2676
2677
2678
2679
2734
2735
2736
2737
2738
2739
2740
2741
2742
2771
2772
2773
2774
2775
2776
2777
2778
2779
2834
2835
2836
2837
2838
2839
2840
2841
2842
2871
2872
2873
2874
2875
2876
2877
2878
2879
2934
2935
2936
2937
2938
2939
2940
2941
2942
2971
2972
2973
2974
2975
2976
2977
2978
2979
3034
3035
3036
3037
3038
3039
3040
3041
3042
3071
3072
3073
3074
3075
3076
3077
3078
3079
3134
3135
3136
3137
3138
3139
3140
3141
3142
3171
3172
3173
3174
3175
3176
3177
3178
3179
3234
3235
3236
3237
3238
3239
3240
3241
3242
3271
3272
3273
3274
3275
3276
3277
3278
3279
3334
3335
3336
3337
3338
3339
3340
3341
3342
3371
3372
3373
3374
3375
3376
3377
3378
3379
3434
3435
3436
3437
3438
3439
3440
3441
3442
3471
3472
3473
3474
3475
3476
3477
3478
3479
3534
3535
3536
3537
3538
3539
3540
3541
3542
3571
3572
3573
3574
3575
3576
3577
3578
3579
3634
3635
3636
3637
3638
3639
3640
3641
3642
3671
3672
3673
3674
3675
3676
3677
3678
3679
3734
3735
3736
3737
3738
3739
3740
3741
3742
3771
3772
3773
3774
3775
3776
3777
3778
3779
3834
3835
3836
3837
3838
3839
3840
3841
3842
3871
3872
3873
3874
3875
3876
3877
3878
3879
3934
3935
3936
3937
3938
3939
3940
3941
3942
3971
3972
3973
3974
3975
3976
3977
3978
3979
4034
4035
4036
4037
4038
4039
4040
4041
4042
4071
4072
4073
4074
4075
4076
4077
4078
4079
4134
4135
4136
4137
4138
4139
4140
4141
4142
4171
4172
4173
4174
4175
4176
4177
4178
4179
4234
4235
4236
4237
4238
4239
4240
4241
4242
4271
4272
4273
4274
4275
4276
4277
4278
4279
4334
4335
4336
4337
4338
4339
4340
4341
4342
4371
4372
4373
4374
4375
4376
4377
4378
4379
4434
4435
4436
4437
4438
4439
4440
4441
4442
4471
4472
4473
4474
4475
4476
4477
4478
4479
4534
4535
4536
4537
4538
4539
4540
4541
4542
4571
4572
4573
4574
4575
4576
4577
4578
4579
4634
4635
4636
4637
4638
4639
4640
4641
4642
4671
4672
4673
4674
4675
4676
4677
4678
4679
4734
4735
4736
4737
4738
4739
4740
4741
4742
4771
4772
4773
4774
4775
4776
4777
4778
4779
4834
4835
4836
4837
4838
4839
4840
4841
4842
4871
4872
4873
4874
4875
4876
4877
4878
4879
4934
4935
4936
4937
4938
4939
4940
4941
4942
4971
4972
4973
4974
4975
4976
4977
4978
4979
5034
5035
5036
5037
5038
5039
5040
5041
5042
5071
5072
5073
5074
5075
5076
5077
5078
5079
5134
5135
5136
5137
5138
5139
5140
5141
5142
5171
5172
5173
5174
5175
5176
5177
5178
5179
5234
5235
5236
5237
5238
5239
5240
5241
5242
5271
5272
5273
5274
5275
5276
5277
5278
5279
5334
5335
5336
5337
5338
5339
5340
5341
5342
5371
5372
5373
5374
5375
5376
5377
5378
5379
5434
5435
5436
5437
5438
5439
5440
5441
5442
5471
5472
5473
5474
5475
5476
5477
5478
5479
5534
5535
5536
5537
5538
5539
5540
5541
5542
5571
5572
5573
5574
5575
5576
5577
5578
5579
5634
5635
5636
5637
5638
5639
5640
5641
5642
5671
5672
5673
5674
5675
5676
5677
5678
5679
5734
5735
5736
5737
5738
5739
5740
5741
5742
5770
5771
5772
5773
5774
5775
5776
5777
5778
5779
5835
5836
5837
5838
5839
5840
5841
5842
5870
5871
5872
5873
5874
5875
5876
5877
5878
5879
5935
5936
5937
5938
5939
5940
5941
5942
5943
5970
5971
5972
5973
5974
5975
5976
5977
5978
5979
6035
6036
6037
6038
6039
6040
6041
6042
6043
6069
6070
6071
6072
6073
6074
6075
6076
6077
6078
6079
6135
6136
6137
6138
6139
6140
6141
6142
6143
6168
6169
6170
6171
6172
6173
6174
6175
6176
6177
6178
6179
6235
6236
6237
6238
6239
6240
6241
6242
6243
6244
6268
6269
6270
6271
6272
6273
6274
6275
6276
6277
6278
6279
6336
6337
6338
6339
6340
6341
6342
6343
6344
6367
6368
6369
6370
6371
6372
6373
6374
6375
6376
6377
6378
6379
6436
6437
6438
6439
6440
6441
6442
6443
6444
6445
6466
6467
6468
6469
6470
6471
6472
6473
6474
6475
6476
6477
6478
6479
6536
6537
6538
6539
6540
6541
6542
6543
6544
6545
6546
6565
6566
6567
6568
6569
6570
6571
6572
6573
6574
6575
6576
6577
6578
6579
6637
6638
6639
6640
6641
6642
6643
6644
6645
6646
6647
6663
6664
6665
6666
6667
6668
6669
6671
6672
6673
6674
6675
6676
6677
6678
6679
6737
6738
6739
6740
6741
6742
6743
6744
6745
6746
6747
6748
6749
6750
6760
6761
6762
6763
6764
6765
6766
6767
6768
6769
6771
6772
6773
6774
6775
6776
6777
6778
6779
6838
6839
6840
6841
6842
6843
6844
6845
6846
6847
6848
6849
6850
6851
6852
6853
6854
6855
6856
6857
6858
6859
6860
6861
6862
6863
6864
6865
6866
6867
6868
6871
6872
6873
6874
6875
6876
6877
6878
6879
6939
6940
6941
6942
6943
6944
6945
6946
6947
6948
6949
6950
6951
6952
6953
6954
6955
6956
6957
6958
6959
6960
6961
6962
6963
6964
6965
6966
6967
6971
6972
6973
6974
6975
6976
6977
6978
6979
7040
7041
7042
7043
7044
7045
7046
7047
7048
7049
7050
7051
7052
7053
7054
7055
7056
7057
7058
7059
7060
7061
7062
7063
7064
7065
7066
7071
7072
7073
7074
7075
7076
7077
7078
7079
7141
7142
7143
7144
7145
7146
7147
7148
7149
7150
7151
7152
7153
7154
7155
7156
7157
7158
7159
7160
7161
7162
7163
7164
7165
7171
7172
7173
7174
7175
7176
7177
7178
7179
7242
7243
7244
7245
7246
7247
7248
7249
7250
7251
7252
7253
7254
7255
7256
7257
7258
7259
7260
7261
7262
7263
7264
7271
7272
7273
7274
7275
7276
7277
7278
7279
7343
7344
7345
7346
7347
7348
7349
7350
7351
7352
7353
7354
7355
7356
7357
7358
7359
7360
7361
7362
7371
7372
7373
7374
7375
7376
7377
7378
7379
7446
7447
7448
7449
7450
7451
7452
7453
7454
7455
7456
7457
7458
7459
7460
7471
7472
7473
7474
7475
7476
7477
7478
7479
7550
7551
7552
7553
7554
7555
7556
7711
7712
7713
7714
7809
7810
7811
7812
7813
7814
7815
7816
7908
7909
7910
7915
7916
7917
8008
8009
8016
8017
8018
8107
8108
8117
8118
8207
8208
8217
8218
8307
8308
8317
8318
8319
8407
8408
8417
8418
8419
8508
8516
8517
8518
8519
8608
8609
8610
8615
8616
8617
8618
8619
8709
8710
8711
8712
8713
8714
8715
8716
8718
8719
8811
8812
8813
8814
8818
8819
8918
9017
9018
9117
9208
9215
9216
9217
9308
9309
9310
9311
9312
9313
9314
9315
9410
9411
9412
9413
