38
39
40
41
42
43
44
45
46
47
48
49
50
51
138
139
140
141
142
143
144
145
146
147
148
149
150
151
152
153
154
238
239
240
241
242
243
244
245
246
247
248
249
250
251
252
253
254
255
256
338
339
340
341
342
343
344
345
346
347
348
349
350
351
352
353
354
355
356
357
438
439
440
441
442
443
444
445
446
447
448
449
450
451
452
453
454
455
456
457
538
539
540
541
542
543
544
545
546
547
548
549
550
551
552
553
554
555
556
557
558
647
648
649
650
651
652
653
654
655
656
657
658
749
750
751
752
753
754
755
756
757
758
759
850
851
852
853
854
855
856
857
858
859
951
952
953
954
955
956
957
958
959
1051
1052
1053
1054
1055
1056
1057
1058
1059
1152
1153
1154
1155
1156
1157
1158
1159
1252
1253
1254
1255
1256
1257
1258
1259
1260
1352
1353
1354
1355
1356
1357
1358
1359
1360
1452
1453
1454
1455
1456
1457
1458
1459
1460
1552
1553
1554
1555
1556
1557
1558
1559
1560
1652
1653
1654
1655
1656
1657
1658
1659
1660
1752
1753
1754
1755
1756
1757
1758
1759
1760
1852
1853
1854
1855
1856
1857
1858
1859
1860
1952
1953
1954
1955
1956
1957
1958
1959
1960
2052
2053
2054
2055
2056
2057
2058
2059
2060
2152
2153
2154
2155
2156
2157
2158
2159
2160
2252
2253
2254
2255
2256
2257
2258
2259
2260
2352
2353
2354
2355
2356
2357
2358
2359
2360
2452
2453
2454
2455
2456
2457
2458
2459
2460
2552
2553
2554
2555
2556
2557
2558
2559
2560
2652
2653
2654
2655
2656
2657
2658
2659
2660
2752
2753
2754
2755
2756
2757
2758
2759
2760
2852
2853
2854
2855
2856
2857
2858
2859
2860
2952
2953
2954
2955
2956
2957
2958
2959
2960
3052
3053
3054
3055
3056
3057
3058
3059
3060
3152
3153
3154
3155
3156
3157
3158
3159
3160
3252
3253
3254
3255
3256
3257
3258
3259
3260
3352
3353
3354
3355
3356
3357
3358
3359
3360
3453
3454
3455
3456
3457
3458
3459
3460
3553
3554
3555
3556
3557
3558
3559
3560
3561
3653
3654
3655
3656
3657
3658
3659
3660
3661
3753
3754
3755
3756
3757
3758
3759
3760
3761
3853
3854
3855
3856
3857
3858
3859
3860
3861
3862
3954
3955
3956
3957
3958
3959
3960
3961
3962
3963
4054
4055
4056
4057
4058
4059
4060
4061
4062
4063
4064
4155
4156
4157
4158
4159
4160
4161
4162
4163
4164
4165
4166
4256
4257
4258
4259
4260
4261
4262
4263
4264
4265
4266
4267
4268
4269
4270
4271
4272
4273
4274
4275
4357
4358
4359
4360
4361
4362
4363
4364
4365
4366
4367
4368
4369
4370
4371
4372
4373
4374
4375
4459
4460
4461
4462
4463
4464
4465
4466
4467
4468
4469
4470
4471
4472
4473
4474
4475
4561
4562
4563
4564
4565
4566
4567
4568
4569
4570
4571
4572
4573
4574
4575
4659
4660
4661
4662
4663
4664
4665
4666
4667
4668
4669
4670
4671
4672
4673
4674
4675
4757
4758
4759
4760
4761
4762
4763
4764
4765
4766
4767
4768
4769
4770
4771
4772
4773
4774
4775
4856
4857
4858
4859
4860
4861
4862
4863
4864
4865
4866
4867
4868
4869
4870
4871
4872
4873
4874
4875
4955
4956
4957
4958
4959
4960
4961
4962
4963
4964
4965
4966
5054
5055
5056
5057
5058
5059
5060
5061
5062
5063
5064
5154
5155
5156
5157
5158
5159
5160
5161
5162
5163
5253
5254
5255
5256
5257
5258
5259
5260
5261
5262
5353
5354
5355
5356
5357
5358
5359
5360
5361
5453
5454
5455
5456
5457
5458
5459
5460
5461
5553
5554
5555
5556
5557
5558
5559
5560
5653
5654
5655
5656
5657
5658
5659
5660
5752
5753
5754
5755
5756
5757
5758
5759
5760
5852
5853
5854
5855
5856
5857
5858
5859
5860
5952
5953
5954
5955
5956
5957
5958
5959
5960
6052
6053
6054
6055
6056
6057
6058
6059
6060
6152
6153
6154
6155
6156
6157
6158
6159
6160
6252
6253
6254
6255
6256
6257
6258
6259
6260
6352
6353
6354
6355
6356
6357
6358
6359
6360
6452
6453
6454
6455
6456
6457
6458
6459
6460
6552
6553
6554
6555
6556
6557
6558
6559
6560
6652
6653
6654
6655
6656
6657
6658
6659
6660
6752
6753
6754
6755
6756
6757
6758
6759
6760
6852
6853
6854
6855
6856
6857
6858
6859
6860
6952
6953
6954
6955
6956
6957
6958
6959
6960
7052
7053
7054
7055
7056
7057
7058
7059
7060
7152
7153
7154
7155
7156
7157
7158
7159
7160
7252
7253
7254
7255
7256
7257
7258
7259
7260
7352
7353
7354
7355
7356
7357
7358
7359
7360
7452
7453
7454
7455
7456
7457
7458
7459
7460
7552
7553
7554
7555
7556
7557
7558
7559
7560
7652
7653
7654
7655
7656
7657
7658
7659
7660
7714
7715
7716
7726
7727
7728
7729
7730
7752
7753
7754
7755
7756
7757
7758
7759
7760
7813
7814
7815
7816
7824
7825
7826
7827
7828
7829
7830
7831
7832
7852
7853
7854
7855
7856
7857
7858
7859
7912
7913
7915
7916
7924
7931
7932
7951
7952
7953
7954
7955
7956
7957
7958
7959
8012
8015
8016
8032
8033
8051
8052
8053
8054
8055
8056
8057
8058
8059
8111
8112
8115
8116
8132
8133
8151
8152
8153
8154
8155
8156
8157
8158
8159
8210
8211
8215
8216
8232
8233
8250
8251
8252
8253
8254
8255
8256
8257
8258
8259
8310
8315
8316
8331
8332
8347
8348
8349
8350
8351
8352
8353
8354
8355
8356
8357
8358
8409
8410
8415
8416
8426
8427
8428
8429
8430
8431
8438
8439
8440
8441
8442
8443
8444
8445
8446
8447
8448
8449
8450
8451
8452
8453
8454
8455
8456
8457
8458
8508
8509
8515
8516
8526
8527
8528
8529
8530
8531
8538
8539
8540
8541
8542
8543
8544
8545
8546
8547
8548
8549
8550
8551
8552
8553
8554
8555
8556
8557
8608
8615
8616
8631
8632
8633
8638
8639
8640
8641
8642
8643
8644
8645
8646
8647
8648
8649
8650
8651
8652
8653
8654
8655
8656
8657
8707
8708
8715
8716
8733
8738
8739
8740
8741
8742
8743
8744
8745
8746
8747
8748
8749
8750
8751
8752
8753
8754
8755
8756
8806
8807
8815
8816
8833
8834
8838
8839
8840
8841
8842
8843
8844
8845
8846
8847
8848
8849
8850
8851
8852
8853
8854
8906
8907
8908
8909
8910
8911
8912
8913
8914
8915
8916
8917
8918
8919
8933
8934
8938
8939
8940
8941
8942
8943
8944
8945
8946
8947
8948
8949
8950
8951
9006
9007
9008
9009
9010
9011
9012
9013
9014
9015
9016
9017
9018
9019
9033
9034
9038
9039
9040
9041
9042
9043
9044
9045
9046
9115
9116
9133
9215
9216
9223
9231
9232
9233
9315
9316
9323
9324
9325
9326
9327
9328
9329
9330
9331
9332
9415
9416
9426
9427
9428
9429
