667
668
719
720
721
766
767
768
818
819
820
821
822
823
824
866
867
868
918
919
920
921
922
923
924
965
966
967
968
1017
1018
1019
1020
1021
1022
1023
1024
1025
1064
1065
1066
1067
1068
1117
1118
1119
1120
1121
1122
1123
1124
1125
1126
1164
1165
1166
1167
1168
1217
1218
1219
1220
1221
1222
1223
1224
1225
1226
1227
1263
1264
1265
1266
1267
1268
1317
1318
1319
1320
1321
1322
1323
1324
1325
1326
1327
1328
1363
1364
1365
1366
1367
1368
1416
1417
1418
1419
1420
1421
1422
1423
1424
1425
1426
1427
1428
1429
1462
1463
1464
1465
1466
1467
1468
1516
1517
1518
1519
1520
1521
1522
1523
1524
1525
1526
1527
1528
1529
1530
1561
1562
1563
1564
1565
1566
1567
1568
1616
1617
1618
1619
1620
1621
1622
1623
1624
1625
1626
1627
1628
1629
1630
1631
1632
1660
1661
1662
1663
1664
1665
1666
1667
1668
1716
1717
1718
1719
1720
1721
1722
1723
1724
1725
1726
1727
1728
1729
1730
1731
1732
1733
1734
1766
1767
1768
1769
1816
1817
1818
1819
1820
1821
1822
1823
1824
1825
1826
1827
1828
1829
1830
1831
1832
1833
1834
1854
1868
1869
1870
1916
1917
1918
1919
1920
1921
1922
1923
1924
1925
1926
1927
1928
1929
1930
1931
1932
1933
1934
1935
1936
1943
1969
1970
2016
2017
2018
2019
2020
2021
2022
2023
2024
2025
2026
2027
2028
2029
2030
2031
2032
2033
2034
2035
2036
2037
2038
2039
2040
2042
2117
2118
2119
2120
2121
2122
2123
2124
2125
2126
2127
2128
2129
2130
2131
2132
2133
2134
2135
2136
2137
2138
2139
2140
2156
2157
2158
2159
2217
2218
2219
2220
2221
2222
2223
2224
2225
2226
2227
2228
2229
2230
2231
2232
2233
2234
2235
2236
2237
2238
2239
2240
2241
2253
2254
2255
2256
2257
2258
2259
2260
2317
2318
2319
2320
2321
2322
2323
2324
2325
2326
2327
2328
2329
2330
2331
2332
2333
2334
2335
2336
2337
2338
2341
2342
2355
2356
2357
2358
2359
2360
2361
2417
2418
2419
2420
2421
2422
2423
2424
2425
2426
2427
2428
2429
2430
2431
2432
2433
2434
2435
2436
2437
2438
2452
2453
2455
2456
2457
2458
2459
2460
2461
2518
2519
2520
2521
2522
2523
2524
2525
2526
2527
2528
2529
2530
2531
2532
2533
2534
2535
2536
2537
2538
2539
2543
2546
2547
2552
2553
2554
2555
2556
2557
2558
2559
2560
2561
2562
2618
2619
2620
2621
2622
2623
2624
2625
2626
2627
2628
2629
2630
2631
2632
2633
2634
2635
2638
2647
2652
2653
2654
2655
2658
2659
2660
2661
2662
2717
2718
2719
2720
2721
2722
2723
2724
2725
2726
2727
2728
2729
2730
2731
2732
2733
2734
2744
2745
2747
2754
2755
2756
2757
2759
2760
2761
2762
2817
2818
2819
2820
2821
2822
2823
2824
2825
2826
2827
2828
2829
2830
2831
2832
2833
2834
2844
2856
2859
2860
2861
2862
2863
2917
2918
2919
2920
2921
2922
2923
2924
2925
2926
2927
2928
2929
2930
2931
2932
2933
2943
2944
2958
2959
2960
2961
2962
2963
3017
3018
3019
3020
3021
3022
3023
3024
3025
3026
3027
3028
3029
3030
3031
3032
3044
3047
3058
3059
3060
3061
3062
3063
3117
3118
3119
3120
3121
3122
3123
3124
3125
3126
3127
3128
3129
3130
3131
3142
3143
3144
3145
3159
3160
3161
3162
3163
3164
3217
3218
3219
3220
3221
3222
3223
3224
3225
3226
3227
3228
3229
3242
3243
3244
3245
3246
3247
3259
3260
3261
3262
3263
3264
3265
3317
3318
3319
3320
3321
3322
3323
3324
3325
3326
3327
3328
3340
3342
3343
3344
3345
3346
3347
3360
3361
3362
3363
3364
3365
3366
3374
3375
3376
3377
3417
3418
3419
3420
3421
3422
3423
3424
3425
3426
3441
3442
3443
3444
3445
3460
3461
3462
3463
3464
3465
3466
3472
3473
3474
3475
3476
3477
3478
3516
3517
3518
3519
3520
3521
3522
3523
3524
3525
3537
3539
3540
3541
3542
3543
3544
3561
3562
3563
3564
3565
3572
3573
3574
3575
3576
3577
3578
3579
3616
3617
3618
3619
3620
3621
3622
3623
3624
3639
3640
3641
3642
3643
3672
3673
3674
3675
3676
3677
3678
3679
3716
3717
3718
3719
3720
3721
3722
3723
3724
3739
3740
3741
3742
3743
3749
3750
3751
3772
3773
3774
3775
3776
3777
3778
3816
3817
3818
3819
3820
3821
3822
3823
3841
3842
3844
3845
3846
3847
3848
3849
3850
3851
3852
3853
3872
3873
3874
3875
3876
3877
3878
3915
3916
3917
3918
3919
3920
3921
3922
3941
3942
3943
3944
3945
3946
3947
3948
3949
3950
3951
3952
3953
3954
3955
3973
3974
3975
3976
3977
3978
3979
4015
4016
4017
4018
4019
4020
4021
4022
4040
4041
4042
4043
4044
4045
4046
4047
4048
4049
4053
4054
4055
4056
4057
4058
4059
4060
4074
4075
4076
4077
4078
4079
4115
4116
4117
4118
4119
4120
4142
4143
4144
4145
4146
4147
4148
4149
4150
4151
4154
4155
4156
4157
4158
4159
4160
4175
4176
4177
4178
4179
4215
4216
4217
4218
4219
4220
4221
4242
4243
4244
4245
4246
4247
4248
4249
4250
4251
4252
4254
4255
4256
4257
4258
4259
4260
4277
4315
4316
4317
4318
4319
4320
4344
4345
4346
4347
4348
4349
4350
4351
4352
4353
4354
4355
4356
4357
4358
4359
4360
4415
4416
4417
4418
4419
4420
4445
4446
4447
4448
4449
4450
4451
4452
4453
4454
4455
4456
4457
4458
4459
4460
4515
4516
4517
4518
4519
4546
4547
4548
4549
4550
4551
4552
4553
4554
4555
4556
4557
4558
4559
4614
4616
4617
4618
4647
4648
4649
4650
4651
4652
4653
4654
4655
4656
4658
4659
4714
4715
4717
4718
4750
4751
4752
4817
4974
4975
4976
4977
4978
4979
4980
4981
4982
5073
5074
5075
5076
5077
5078
5079
5080
5081
5082
5083
5084
5171
5172
5173
5174
5175
5176
5177
5178
5179
5180
5181
5182
5183
5184
5185
5271
5272
5273
5274
5275
5276
5277
5278
5279
5280
5281
5282
5283
5284
5285
5371
5372
5373
5374
5375
5376
5377
5378
5379
5380
5381
5382
5383
5384
5385
5470
5471
5472
5473
5474
5475
5476
5477
5478
5479
5480
5481
5482
5483
5484
5485
5517
5571
5572
5573
5574
5575
5576
5577
5578
5579
5580
5581
5582
5583
5584
5585
5616
5617
5618
5671
5672
5673
5674
5675
5676
5677
5678
5679
5680
5681
5682
5683
5684
5685
5716
5717
5718
5719
5771
5772
5773
5774
5775
5776
5777
5778
5779
5780
5781
5782
5783
5784
5785
5816
5817
5818
5819
5871
5872
5873
5874
5875
5876
5877
5878
5879
5880
5881
5882
5883
5884
5885
5915
5916
5917
5918
5919
5920
5971
5972
5973
5974
5975
5976
5977
5978
5979
5980
5981
5982
5983
5984
5985
6016
6017
6018
6019
6020
6071
6072
6073
6074
6075
6076
6077
6078
6079
6080
6081
6082
6083
6084
6085
6086
6114
6115
6116
6117
6118
6119
6120
6168
6172
6173
6174
6175
6176
6177
6178
6179
6180
6181
6182
6183
6184
6185
6186
6212
6213
6214
6215
6216
6217
6218
6219
6220
6221
6268
6270
6271
6272
6273
6274
6275
6276
6277
6278
6279
6280
6281
6282
6283
6284
6285
6286
6312
6313
6314
6316
6317
6318
6319
6320
6321
6371
6372
6373
6374
6375
6376
6377
6378
6379
6380
6381
6382
6383
6384
6385
6386
6412
6413
6414
6415
6416
6417
6418
6419
6420
6421
6464
6469
6470
6471
6472
6473
6474
6475
6476
6477
6478
6479
6480
6481
6482
6483
6484
6485
6511
6512
6513
6514
6515
6516
6517
6518
6519
6520
6521
6556
6557
6558
6569
6570
6571
6572
6573
6574
6575
6576
6577
6578
6579
6580
6581
6582
6583
6584
6585
6612
6613
6614
6615
6618
6619
6620
6656
6657
6658
6659
6660
6661
6670
6671
6672
6673
6674
6675
6676
6677
6678
6679
6680
6681
6682
6683
6684
6685
6711
6712
6713
6714
6715
6716
6717
6718
6719
6720
6756
6757
6758
6759
6760
6761
6762
6763
6764
6765
6768
6769
6770
6771
6772
6773
6774
6775
6776
6777
6778
6779
6780
6781
6782
6783
6784
6811
6812
6813
6814
6815
6816
6817
6818
6819
6820
6821
6822
6857
6858
6859
6860
6861
6862
6863
6864
6865
6866
6867
6868
6869
6870
6871
6872
6873
6874
6875
6876
6877
6878
6879
6880
6881
6882
6883
6884
6911
6912
6913
6914
6915
6916
6917
6918
6919
6920
6921
6922
6957
6958
6959
6960
6961
6962
6963
6964
6965
6966
6967
6968
6969
6970
6971
6972
6973
6974
6975
6976
6977
6978
6979
6980
6981
6982
7008
7011
7012
7013
7014
7015
7016
7017
7018
7019
7020
7021
7022
7059
7060
7061
7062
7063
7064
7065
7066
7067
7068
7069
7070
7071
7072
7073
7074
7075
7076
7077
7078
7079
7080
7081
7082
7110
7111
7112
7113
7114
7115
7116
7117
7118
7119
7120
7121
7122
7123
7159
7160
7161
7162
7163
7164
7165
7166
7167
7168
7169
7170
7171
7172
7173
7174
7175
7176
7177
7178
7179
7180
7181
7210
7211
7212
7213
7214
7215
7216
7217
7218
7219
7220
7221
7222
7223
7224
7260
7261
7262
7263
7264
7265
7266
7267
7268
7269
7270
7271
7272
7273
7274
7275
7276
7277
7278
7279
7280
7310
7311
7312
7313
7314
7315
7316
7317
7318
7319
7320
7321
7322
7323
7324
7325
7364
7365
7366
7367
7368
7369
7370
7373
7374
7375
7376
7377
7378
7379
7409
7410
7411
7412
7413
7414
7415
7416
7417
7418
7419
7420
7421
7422
7423
7424
7425
7426
7507
7508
7509
7510
7511
7512
7513
7514
7515
7516
7517
7518
7519
7520
7521
7522
7523
7524
7525
7526
7607
7608
7609
7610
7611
7612
7613
7614
7615
7616
7617
7618
7619
7620
7621
7622
7623
7624
7625
7626
7708
7709
7710
7711
7712
7713
7714
7715
7716
7717
7718
7719
7720
7721
7722
7723
7724
7725
7726
7808
7809
7810
7811
7812
7813
7814
7815
7816
7817
7818
7819
7820
7821
7822
7823
7824
7825
7826
7827
7908
7909
7910
7911
7912
7913
7914
7915
7916
7917
7918
7919
7920
7921
7922
7923
7924
7925
7926
8009
8010
8011
8012
8013
8014
8015
8016
8017
8018
8019
8020
8021
8022
8023
8024
8025
8026
8027
8110
8111
8112
8113
8114
8115
8116
8117
8118
8119
8120
8121
8122
8123
8124
8125
8126
8127
8212
8215
8216
8217
8218
8219
8220
8221
8222
8223
8224
8225
8312
8313
8316
8317
8318
8319
8320
8321
8322
8323
8324
8325
8417
8418
8419
8420
8421
8422
8423
8424
8425
8426
8427
8518
8519
8520
8521
8522
8523
8524
8525
8526
8527
8616
8618
8619
8620
8621
8622
8623
8624
8625
8626
8722
8723
8748
8749
8824
8825
8847
8848
8849
8850
8859
8923
8924
8925
8926
8948
8949
8950
8951
8952
8953
8954
8955
8956
8957
8958
8959
9025
9026
9027
9049
9050
9051
9052
9053
9054
9055
9056
9057
9058
9059
9060
9062
9063
9064
9065
9074
9152
9153
9154
9155
9156
9157
9158
9159
9160
9161
9162
9163
9164
9165
9166
9167
9168
9169
9170
9171
9172
9173
9174
9255
9256
9257
9258
9259
9260
9261
9262
9263
9264
9265
9266
9267
9268
9269
9270
9271
9272
9273
9357
9358
9359
9360
9361
9362
9363
9364
9365
9366
9367
9368
9369
9370
9371
9372
9457
9458
9459
9460
9461
9462
9463
9464
9465
9466
9467
9468
9469
9470
9562
9563
9565
9566
9567
9568
9661
9662
9663
9665
9666
9667
9763
9764
9765
9766
9767
9865
