446
447
448
449
450
456
457
458
459
460
541
542
564
565
638
639
668
735
736
771
832
833
873
930
975
1028
1076
1125
1126
1178
1223
1224
1279
1322
1380
1420
1519
1533
1537
1538
1539
1540
1541
1542
1543
1544
1545
1546
1547
1548
1618
1634
1717
1816
1817
1885
1915
1916
1917
1918
1944
1986
2014
2015
2016
2017
2018
2040
2041
2042
2087
2114
2115
2116
2117
2118
2137
2213
2214
2215
2216
2217
2219
2220
2221
2222
2288
2312
2313
2314
2315
2316
2389
2411
2412
2413
2414
2415
2416
2510
2511
2512
2513
2514
2516
2519
2590
2610
2611
2612
2617
2618
2619
2620
2691
2709
2710
2711
2791
2809
2810
2866
2892
2908
2909
2910
2966
3007
3008
3009
3010
3066
3072
3093
3107
3108
3109
3166
3171
3193
3206
3207
3208
3209
3266
3270
3306
3307
3308
3328
3366
3369
3370
3394
3406
3407
3408
3411
3427
3466
3469
3494
3505
3506
3507
3511
3526
3527
3566
3569
3605
3606
3610
3626
3627
3666
3669
3704
3705
3706
3709
3710
3726
3727
3765
3766
3795
3804
3805
3806
3808
3809
3827
3865
3866
3870
3871
3895
3904
3905
3906
3908
3909
3910
3927
3964
3965
3995
4004
4005
4006
4009
4010
4027
4062
4063
4064
4104
4105
4106
4109
4110
4111
4127
4157
4158
4159
4160
4161
4162
4203
4204
4205
4206
4209
4210
4211
4212
4213
4214
4215
4216
4217
4227
4249
4251
4252
4253
4254
4255
4256
4257
4258
4259
4303
4304
4305
4306
4310
4311
4312
4313
4314
4327
4328
4339
4340
4341
4342
4343
4344
4345
4346
4347
4348
4349
4350
4351
4352
4353
4354
4355
4356
4357
4403
4404
4405
4410
4411
4412
4413
4414
4423
4424
4425
4426
4427
4428
4429
4433
4434
4435
4436
4437
4438
4439
4440
4441
4442
4443
4444
4445
4446
4447
4448
4449
4450
4451
4452
4453
4455
4456
4457
4496
4504
4505
4511
4512
4513
4514
4520
4523
4524
4525
4526
4527
4528
4529
4534
4535
4536
4537
4538
4539
4540
4541
4542
4543
4544
4545
4546
4547
4548
4549
4557
4596
4604
4605
4606
4611
4612
4613
4620
4623
4624
4625
4626
4627
4628
4634
4635
4636
4637
4638
4639
4640
4641
4642
4643
4644
4645
4646
4647
4657
4696
4704
4705
4706
4712
4713
4723
4724
4725
4726
4727
4728
4734
4735
4736
4737
4738
4739
4740
4741
4742
4743
4744
4745
4746
4757
4804
4805
4806
4807
4808
4809
4812
4813
4814
4822
4823
4824
4825
4826
4834
4835
4836
4837
4838
4839
4840
4841
4842
4843
4844
4845
4857
4904
4905
4906
4907
4908
4912
4913
4914
4915
4916
4921
4922
4923
4924
4925
4934
4935
4936
4937
4938
4939
4940
4941
4942
4943
4944
4950
4951
4957
4963
4964
4965
4967
5004
5006
5007
5008
5012
5013
5014
5015
5016
5017
5018
5019
5020
5021
5022
5023
5024
5025
5028
5033
5034
5035
5036
5037
5038
5039
5040
5041
5042
5043
5057
5062
5063
5104
5105
5106
5107
5108
5109
5114
5115
5116
5117
5118
5119
5120
5121
5122
5123
5124
5125
5132
5133
5134
5135
5136
5139
5140
5141
5142
5143
5144
5157
5160
5161
5195
5205
5206
5207
5208
5209
5216
5217
5218
5219
5220
5221
5222
5223
5224
5225
5232
5233
5240
5241
5242
5243
5244
5245
5256
5257
5258
5259
5260
5295
5305
5306
5307
5308
5309
5310
5319
5320
5321
5322
5323
5324
5325
5342
5343
5344
5345
5346
5347
5355
5356
5357
5358
5359
5395
5405
5406
5407
5408
5409
5410
5411
5412
5421
5422
5423
5424
5425
5435
5444
5445
5446
5447
5448
5449
5450
5451
5453
5454
5455
5456
5457
5458
5505
5506
5507
5508
5509
5510
5511
5512
5513
5521
5522
5523
5524
5525
5537
5538
5539
5540
5545
5546
5547
5548
5549
5550
5551
5552
5553
5554
5555
5556
5594
5606
5607
5608
5609
5610
5611
5612
5613
5614
5621
5622
5623
5624
5625
5626
5638
5639
5640
5641
5651
5653
5654
5694
5706
5707
5708
5709
5710
5711
5712
5713
5714
5715
5721
5722
5723
5724
5725
5726
5734
5738
5739
5740
5741
5742
5743
5744
5794
5806
5807
5808
5809
5810
5811
5812
5813
5814
5815
5820
5821
5822
5823
5824
5833
5834
5838
5839
5840
5844
5846
5907
5908
5909
5910
5911
5912
5913
5914
5915
5916
5920
5921
5925
5926
5933
5947
5948
5993
6007
6009
6010
6011
6012
6013
6014
6015
6016
6017
6019
6020
6026
6033
6037
6038
6039
6040
6041
6042
6043
6044
6049
6108
6109
6110
6111
6112
6113
6114
6115
6116
6117
6118
6119
6126
6132
6133
6134
6135
6136
6145
6150
6192
6208
6210
6211
6212
6213
6214
6215
6216
6217
6218
6219
6222
6223
6224
6225
6226
6232
6245
6246
6250
6251
6292
6309
6310
6311
6312
6313
6314
6315
6316
6317
6318
6319
6326
6331
6346
6347
6363
6391
6410
6411
6412
6413
6414
6415
6416
6417
6418
6419
6421
6426
6430
6439
6447
6448
6452
6459
6460
6461
6510
6512
6513
6514
6515
6516
6517
6518
6519
6522
6526
6527
6528
6529
6530
6540
6548
6558
6559
6560
6590
6611
6612
6613
6614
6615
6616
6617
6618
6619
6622
6628
6629
6630
6648
6657
6658
6659
6689
6712
6714
6715
6716
6717
6718
6719
6720
6723
6730
6731
6748
6756
6757
6758
6813
6814
6815
6816
6817
6818
6819
6820
6823
6824
6831
6849
6857
6888
6914
6916
6917
6918
6919
6920
6921
6924
6931
6949
6957
6987
7015
7016
7017
7018
7019
7020
7021
7024
7025
7050
7057
7086
7116
7118
7119
7120
7121
7125
7126
7150
7185
7217
7219
7220
7221
7222
7226
7227
7243
7250
7284
7319
7320
7321
7322
7327
7343
7383
7384
7420
7421
7422
7423
7428
7432
7433
7444
7482
7484
7521
7522
7523
7524
7533
7544
7545
7546
7581
7623
7624
7625
7633
7647
7680
7685
7724
7725
7726
7732
7733
7748
7749
7778
7785
7826
7827
7832
7833
7851
7877
7928
7931
7932
7933
7975
8030
8073
8086
8132
8170
8171
8186
8234
8267
8268
8286
8336
8337
8363
8364
8439
8440
8441
8457
8458
8459
8487
8546
8547
8548
8549
8550
8551
8552
8587
8687
8787
8887
