55
56
57
58
59
60
149
150
151
152
153
154
155
156
157
158
159
160
161
162
163
164
244
245
246
247
248
249
256
257
264
265
266
267
268
341
342
343
344
356
357
366
367
438
439
440
455
456
457
467
468
535
536
537
538
539
540
541
542
543
555
556
557
569
631
632
633
634
635
636
637
638
639
640
641
642
643
644
645
646
647
648
649
650
655
656
657
658
659
660
661
662
663
670
671
729
730
731
732
750
751
752
753
754
755
756
757
758
759
760
761
762
763
771
772
828
829
830
858
859
860
861
862
863
864
873
927
928
957
958
974
1026
1027
1057
1058
1074
1075
1125
1126
1156
1157
1175
1176
1224
1225
1254
1255
1256
1257
1276
1277
1323
1324
1353
1354
1356
1357
1376
1377
1423
1452
1453
1454
1477
1478
1522
1523
1551
1552
1553
1577
1578
1579
1621
1622
1650
1651
1652
1653
1663
1664
1665
1666
1667
1668
1669
1678
1679
1680
1720
1721
1749
1750
1751
1752
1763
1764
1765
1766
1767
1768
1769
1770
1771
1778
1779
1780
1781
1818
1819
1820
1849
1850
1851
1862
1863
1864
1865
1866
1867
1870
1871
1872
1878
1879
1880
1881
1915
1916
1917
1918
1919
1920
1921
1948
1949
1950
1951
1962
1963
1964
1965
1971
1972
1973
1979
1980
1981
1982
2010
2011
2012
2013
2014
2015
2016
2017
2018
2019
2020
2021
2022
2048
2049
2050
2062
2063
2072
2073
2074
2081
2082
2083
2116
2117
2118
2119
2120
2121
2122
2123
2148
2149
2150
2161
2162
2173
2174
2175
2182
2183
2215
2216
2217
2247
2248
2249
2250
2260
2261
2274
2275
2280
2283
2284
2315
2316
2347
2348
2349
2358
2359
2360
2365
2366
2367
2368
2369
2370
2371
2372
2373
2374
2375
2376
2381
2383
2384
2414
2415
2447
2448
2449
2457
2458
2459
2463
2464
2465
2469
2470
2471
2472
2473
2474
2475
2476
2477
2481
2482
2483
2484
2513
2514
2547
2548
2557
2558
2561
2562
2563
2569
2570
2577
2578
2582
2583
2584
2612
2613
2614
2647
2656
2657
2660
2661
2669
2670
2678
2679
2682
2683
2684
2685
2712
2713
2755
2756
2759
2760
2769
2770
2778
2779
2783
2784
2785
2811
2812
2855
2856
2858
2859
2869
2870
2871
2875
2876
2877
2879
2880
2884
2885
2910
2911
2955
2956
2957
2970
2971
2972
2973
2974
2975
2976
2977
2980
2981
2985
2986
3009
3010
3025
3026
3027
3028
3029
3030
3031
3054
3055
3056
3080
3081
3085
3086
3109
3123
3124
3125
3131
3132
3133
3134
3135
3154
3155
3181
3182
3186
3187
3208
3209
3221
3222
3223
3233
3234
3235
3236
3254
3255
3281
3282
3286
3287
3307
3308
3320
3321
3332
3333
3334
3335
3336
3337
3354
3382
3387
3388
3407
3408
3419
3420
3429
3430
3431
3436
3437
3438
3454
3455
3482
3483
3487
3488
3489
3506
3507
3508
3518
3526
3527
3537
3538
3539
3540
3555
3582
3583
3587
3588
3589
3606
3607
3608
3617
3618
3624
3625
3637
3638
3640
3641
3655
3656
3682
3683
3688
3689
3690
3706
3707
3708
3717
3722
3723
3737
3738
3741
3756
3757
3782
3783
3788
3789
3790
3806
3807
3808
3817
3821
3822
3838
3839
3840
3841
3856
3857
3858
3882
3883
3888
3889
3890
3891
3903
3907
3908
3916
3920
3922
3923
3941
3957
3958
3980
3981
3982
3983
3989
3991
4003
4007
4016
4017
4018
4019
4023
4041
4058
4059
4060
4076
4077
4078
4079
4080
4082
4083
4089
4092
4103
4107
4116
4117
4123
4141
4159
4160
4161
4162
4163
4164
4165
4166
4167
4168
4169
4170
4171
4172
4173
4174
4175
4176
4182
4183
4189
4192
4203
4206
4207
4216
4222
4223
4240
4241
4260
4261
4262
4281
4282
4290
4293
4303
4306
4316
4321
4322
4340
4361
4362
4363
4380
4381
4382
4390
4393
4403
4406
4416
4417
4418
4419
4420
4421
4439
4440
4462
4463
4464
4465
4466
4479
4480
4481
4490
4491
4493
4494
4503
4506
4516
4517
4537
4538
4539
4565
4566
4567
4568
4569
4570
4571
4572
4573
4574
4575
4576
4577
4578
4579
4591
4594
4603
4605
4617
4636
4637
4638
4639
4668
4669
4670
4671
4672
4673
4674
4675
4676
4677
4691
4694
4703
4705
4717
4734
4735
4737
4738
4792
4794
4803
4805
4817
4833
4836
4837
4892
4894
4903
4905
4917
4931
4932
4936
4992
4994
5003
5005
5017
5029
5030
5035
5092
5093
5094
5103
5105
5117
5118
5124
5125
5126
5127
5128
5134
5135
5193
5194
5203
5205
5218
5219
5220
5221
5222
5223
5233
5234
5293
5294
5303
5305
5318
5319
5332
5333
5393
5394
5403
5405
5419
5420
5431
5432
5493
5494
5495
5503
5505
5520
5521
5522
5523
5529
5530
5531
5593
5594
5595
5603
5605
5622
5623
5624
5625
5626
5627
5628
5629
5694
5695
5703
5705
5794
5795
5803
5805
5894
5895
5903
5905
5994
5995
6003
6005
6094
6095
6103
6105
6194
6195
6203
6205
6294
6295
6303
6305
6394
6395
6403
6405
6494
6495
6503
6505
6594
6595
6603
6606
6694
6695
6703
6706
6794
6795
6803
6804
6806
6894
6895
6904
6906
6994
6995
7004
7006
7007
7094
7095
7104
7107
7157
7158
7159
7194
7195
7204
7207
7256
7257
7294
7295
7305
7307
7308
7394
7395
7405
7407
7408
7495
7496
7505
7508
7595
7596
7605
7608
7609
7695
7696
7705
7708
7709
7795
7796
7806
7809
7895
7896
7906
7909
7995
7996
8007
8095
8096
8107
8195
8196
8208
8294
8295
8296
8308
8309
8394
8395
8409
8410
8411
8493
8494
8495
8509
8510
8511
8593
8594
8595
8610
8611
8612
8692
8693
8694
8710
8711
8712
8792
8793
8794
8810
8811
8812
8813
8891
8892
8893
8911
8913
8914
8991
8992
8993
9011
9014
9091
9092
9111
9114
9115
9190
9191
9192
9211
9215
9216
9290
9291
9311
9312
9316
9317
9390
9391
9411
9412
9417
9418
9489
9490
9491
9512
9518
9519
9520
9589
9590
9612
9620
9621
9622
9689
9690
9713
9722
9723
9724
9788
9789
9813
9824
9825
9826
9888
9889
9988
