51
52
53
54
55
56
57
148
149
150
151
152
158
159
160
245
246
247
248
249
260
261
343
344
345
346
361
362
440
441
442
443
444
454
455
456
457
458
459
462
538
539
540
541
542
543
544
545
546
547
548
553
554
555
556
557
558
559
560
561
563
636
637
638
639
640
641
642
643
644
645
646
647
648
649
650
651
653
654
655
656
657
658
659
660
661
662
663
664
735
736
737
738
739
740
748
749
750
751
752
753
754
755
756
757
758
759
760
761
762
764
765
834
835
836
837
838
839
840
841
842
852
853
854
855
856
857
858
859
860
861
862
865
866
933
934
935
936
937
938
939
940
941
942
943
952
953
954
955
956
957
958
959
960
962
963
966
1033
1034
1035
1036
1038
1041
1042
1043
1051
1052
1053
1054
1055
1056
1057
1058
1059
1060
1062
1063
1067
1132
1133
1135
1137
1138
1142
1143
1144
1151
1152
1153
1154
1155
1156
1157
1158
1160
1161
1162
1163
1167
1168
1231
1232
1234
1235
1236
1237
1243
1244
1251
1252
1253
1254
1255
1256
1257
1258
1261
1262
1263
1264
1267
1268
1331
1332
1334
1335
1336
1337
1343
1344
1345
1350
1351
1352
1353
1354
1358
1359
1360
1361
1362
1363
1364
1368
1369
1430
1431
1434
1435
1436
1437
1443
1444
1445
1450
1451
1453
1454
1459
1460
1461
1462
1463
1464
1468
1469
1470
1529
1530
1534
1535
1536
1537
1544
1545
1550
1551
1553
1562
1563
1564
1569
1570
1629
1630
1633
1634
1635
1636
1644
1645
1650
1653
1663
1664
1665
1669
1670
1671
1728
1729
1733
1734
1735
1744
1745
1750
1763
1764
1765
1769
1770
1771
1827
1828
1829
1833
1834
1844
1845
1863
1864
1865
1869
1870
1871
1872
1927
1928
1932
1933
1934
1945
1964
1965
1966
1970
1971
1972
2026
2027
2031
2032
2033
2045
2064
2065
2066
2070
2071
2072
2125
2126
2127
2131
2132
2145
2165
2166
2167
2170
2171
2172
2173
2225
2226
2229
2230
2231
2232
2265
2266
2267
2268
2271
2273
2324
2325
2326
2327
2328
2329
2330
2331
2357
2358
2359
2360
2361
2362
2366
2367
2368
2369
2371
2373
2424
2425
2428
2429
2430
2455
2456
2457
2458
2459
2461
2462
2463
2464
2467
2468
2469
2472
2473
2523
2524
2529
2533
2534
2535
2536
2537
2538
2554
2555
2556
2561
2562
2563
2564
2565
2568
2569
2570
2572
2573
2574
2576
2577
2620
2623
2624
2631
2632
2633
2634
2636
2637
2638
2654
2655
2662
2663
2664
2665
2672
2673
2674
2675
2677
2678
2720
2722
2723
2724
2730
2731
2732
2736
2737
2738
2739
2754
2762
2763
2764
2765
2766
2773
2774
2775
2778
2820
2821
2822
2823
2824
2830
2831
2837
2838
2839
2853
2863
2866
2867
2873
2874
2878
2920
2921
2922
2924
2929
2930
2937
2938
2939
2953
2966
2967
2973
2974
2978
2979
3020
3021
3025
3029
3039
3040
3052
3053
3067
3068
3079
3120
3125
3128
3129
3140
3152
3167
3168
3177
3179
3220
3225
3228
3240
3252
3258
3259
3260
3261
3267
3268
3277
3279
3319
3322
3325
3328
3333
3334
3335
3336
3337
3338
3340
3341
3351
3352
3353
3354
3355
3356
3357
3358
3359
3360
3361
3362
3363
3364
3365
3368
3377
3379
3419
3422
3427
3428
3431
3432
3433
3434
3435
3436
3437
3438
3439
3440
3441
3451
3452
3453
3454
3455
3462
3463
3464
3465
3466
3467
3468
3469
3477
3479
3480
3519
3522
3527
3529
3530
3531
3532
3533
3534
3535
3536
3537
3538
3539
3540
3541
3551
3552
3565
3566
3567
3568
3569
3577
3579
3580
3619
3622
3627
3628
3629
3630
3640
3641
3657
3658
3659
3660
3661
3667
3668
3669
3677
3679
3680
3717
3719
3722
3727
3728
3734
3735
3741
3759
3760
3761
3762
3769
3777
3779
3780
3818
3827
3832
3833
3834
3835
3836
3862
3863
3877
3879
3880
3917
3918
3921
3931
3932
3964
3977
3980
4017
4018
4021
4077
4080
4117
4118
4140
4176
4177
4180
4217
4218
4239
4240
4252
4276
4280
4281
4317
4318
4326
4327
4338
4339
4352
4353
4354
4363
4364
4367
4376
4380
4381
4417
4418
4427
4428
4429
4430
4431
4432
4433
4434
4435
4436
4437
4438
4439
4454
4455
4456
4457
4458
4459
4460
4461
4462
4463
4464
4465
4466
4476
4480
4481
4517
4518
4528
4529
4530
4531
4532
4533
4534
4535
4536
4537
4556
4557
4558
4559
4560
4561
4562
4563
4564
4565
4575
4576
4580
4581
4617
4618
4629
4630
4631
4632
4633
4634
4635
4656
4657
4658
4659
4660
4661
4662
4663
4675
4676
4679
4680
4681
4717
4718
4774
4775
4779
4780
4781
4817
4818
4821
4874
4879
4880
4881
4917
4918
4921
4973
4974
4979
4980
4981
5017
5018
5021
5072
5073
5079
5080
5081
5117
5118
5121
5172
5179
5180
5181
5216
5217
5218
5221
5222
5271
5272
5280
5281
5316
5317
5318
5322
5370
5371
5380
5381
5416
5417
5418
5422
5423
5468
5469
5470
5471
5480
5481
5516
5517
5518
5523
5567
5568
5569
5570
5571
5572
5580
5581
5616
5617
5618
5623
5624
5665
5666
5667
5668
5669
5670
5671
5672
5673
5681
5716
5717
5718
5723
5724
5725
5763
5764
5765
5766
5773
5781
5817
5818
5825
5826
5861
5862
5863
5864
5865
5866
5881
5917
5918
5926
5927
5928
5958
5959
5960
5961
5962
5963
5964
5965
5966
5967
5981
6017
6018
6025
6026
6027
6028
6029
6030
6053
6054
6055
6056
6057
6058
6059
6060
6064
6065
6066
6067
6081
6117
6118
6124
6125
6126
6128
6129
6130
6131
6132
6133
6134
6146
6147
6148
6149
6150
6151
6152
6153
6154
6155
6156
6157
6163
6164
6167
6168
6181
6217
6218
6223
6224
6229
6233
6234
6235
6236
6237
6238
6239
6240
6241
6242
6243
6244
6245
6246
6247
6248
6249
6250
6251
6252
6253
6256
6257
6263
6268
6281
6317
6318
6329
6334
6335
6336
6337
6338
6339
6340
6341
6342
6343
6344
6345
6346
6347
6348
6349
6350
6351
6356
6357
6358
6362
6363
6368
6369
6381
6417
6418
6429
6430
6433
6434
6437
6442
6443
6449
6450
6457
6458
6459
6460
6461
6462
6481
6517
6518
6519
6530
6531
6532
6533
6537
6542
6543
6548
6549
6558
6559
6560
6561
6581
6617
6618
6619
6631
6632
6638
6642
6643
6647
6648
6649
6658
6659
6717
6719
6732
6738
6739
6741
6742
6743
6745
6746
6747
6748
6759
6817
6819
6831
6838
6839
6840
6841
6842
6843
6844
6845
6846
6848
6917
6919
6931
6937
6938
6940
6941
6944
6945
6948
7017
7019
7030
7037
7040
7044
7117
7119
7120
7137
7144
7218
7220
7236
7243
7244
7318
7320
7336
7343
7382
7418
7420
7436
7443
7481
7482
7518
7520
7536
7543
7581
7582
7618
7620
7621
7643
7681
7682
7718
7719
7720
7721
7743
7781
7782
7819
7820
7821
7843
7881
7882
7919
7920
7921
7943
7981
7982
8019
8020
8021
8022
8043
8081
8082
8120
8121
8122
8143
8181
8220
8221
8222
8243
8280
8281
8321
8322
8343
8380
8381
8421
8422
8479
8480
8481
8522
8579
8580
8622
8623
8679
8680
8722
8723
8724
8778
8779
8780
8822
8823
8824
8878
8879
8922
8924
8925
8978
8979
9022
9024
9025
9078
9079
9122
9125
9126
9177
9178
9222
9223
9226
9227
9277
9278
9323
9327
9328
9377
9378
9423
9428
9429
9430
9477
9523
9529
9530
9531
9577
9623
9624
9630
9631
9632
9677
9724
9732
9733
9776
9824
9876
9924
9976
