445
446
447
448
449
450
451
452
544
545
546
547
548
551
552
553
554
637
638
639
640
641
642
643
644
654
655
656
735
736
737
738
739
740
756
757
834
835
857
858
859
933
934
959
960
1032
1033
1060
1131
1132
1161
1230
1231
1261
1262
1330
1362
1429
1430
1463
1529
1563
1629
1664
1729
1764
1829
1865
1928
1965
2028
2065
2066
2127
2166
2227
2241
2242
2266
2326
2336
2343
2344
2346
2347
2348
2366
2367
2426
2438
2439
2467
2526
2539
2540
2541
2542
2551
2552
2567
2626
2644
2645
2646
2647
2648
2649
2650
2667
2725
2726
2748
2767
2768
2825
2833
2834
2835
2836
2837
2839
2844
2854
2868
2925
2934
2935
2936
2937
2938
2939
2953
2954
2968
3025
3039
3040
3049
3050
3051
3052
3068
3125
3168
3225
3239
3269
3325
3339
3344
3369
3425
3439
3445
3469
3525
3546
3557
3559
3569
3625
3637
3638
3647
3648
3658
3669
3725
3736
3737
3738
3747
3748
3749
3758
3769
3770
3825
3833
3834
3835
3836
3837
3838
3847
3848
3849
3850
3851
3852
3857
3858
3870
3925
3932
3933
3934
3935
3936
3937
3949
3950
3951
3952
3953
3956
3970
4025
4032
4033
4034
4035
4052
4053
4054
4070
4125
4126
4129
4131
4132
4136
4137
4148
4149
4150
4151
4153
4154
4170
4225
4226
4231
4232
4235
4248
4249
4251
4254
4270
4326
4331
4332
4334
4335
4338
4348
4349
4350
4351
4352
4370
4426
4432
4434
4435
4436
4437
4438
4448
4449
4450
4453
4470
4526
4533
4534
4535
4536
4537
4538
4548
4549
4550
4551
4552
4553
4570
4571
4626
4633
4635
4638
4648
4649
4650
4651
4671
4726
4737
4738
4748
4749
4750
4771
4826
4837
4838
4849
4871
4926
4935
4936
4937
4938
4948
4949
4971
5026
5037
5048
5049
5070
5126
5142
5149
5155
5170
5226
5270
5326
5333
5334
5354
5355
5370
5426
5434
5447
5452
5453
5454
5470
5527
5534
5535
5543
5547
5570
5627
5636
5642
5670
5727
5728
5742
5770
5828
5840
5842
5848
5870
5928
5940
5941
5946
5947
5948
5952
5970
6029
6041
6042
6043
6047
6048
6070
6129
6139
6153
6170
6229
6239
6253
6269
6329
6339
6354
6369
6429
6438
6439
6469
6530
6538
6539
6569
6630
6638
6639
6655
6669
6730
6737
6738
6755
6769
6830
6838
6846
6848
6849
6850
6855
6856
6869
6931
6937
6938
6944
6945
6949
6955
6956
6968
6969
7031
7037
7038
7042
7043
7044
7045
7047
7048
7049
7050
7051
7052
7053
7055
7056
7057
7068
7131
7137
7138
7141
7142
7144
7145
7146
7147
7148
7149
7150
7155
7156
7157
7168
7231
7237
7238
7239
7240
7256
7257
7267
7332
7337
7338
7339
7340
7355
7356
7357
7367
7432
7438
7439
7440
7466
7467
7532
7538
7566
7632
7666
7733
7765
7833
7865
7933
7934
7964
7965
8034
8035
8053
8064
8135
8136
8152
8153
8163
8164
8236
8246
8252
8253
8262
8263
8337
8347
8348
8349
8350
8351
8352
8362
8437
8438
8461
8538
8560
8561
8638
8639
8660
8739
8740
8759
8840
8841
8858
8859
8941
8942
8957
8958
9042
9043
9055
9056
9057
9143
9144
9145
9154
9155
9245
9246
9247
9248
9249
9250
9251
9252
9253
9254
9348
9349
9350
9351
9352
9450
9451
9547
9548
9549
9550
9551
9552
9644
9645
9646
9647
9648
9649
9650
9651
9652
9653
9654
9655
