550
551
552
553
554
555
556
557
558
559
647
648
649
650
651
656
657
658
659
660
661
744
745
746
747
761
762
840
841
842
862
863
864
936
937
938
939
963
964
965
1033
1034
1035
1036
1037
1038
1065
1066
1132
1133
1134
1166
1167
1231
1232
1268
1330
1331
1368
1369
1429
1430
1469
1470
1528
1529
1569
1570
1627
1628
1670
1671
1727
1728
1770
1771
1772
1826
1827
1860
1861
1862
1863
1864
1871
1872
1873
1925
1926
1959
1960
1961
1962
1963
1964
1965
1966
1971
1973
1974
2024
2025
2060
2061
2066
2071
2073
2074
2075
2123
2124
2159
2160
2167
2174
2175
2222
2223
2224
2257
2258
2266
2267
2268
2274
2275
2321
2322
2323
2356
2357
2364
2365
2366
2367
2368
2369
2373
2375
2376
2420
2421
2422
2455
2456
2464
2465
2466
2467
2468
2469
2470
2473
2476
2519
2520
2521
2554
2555
2564
2565
2566
2567
2568
2569
2570
2571
2574
2575
2576
2616
2619
2620
2654
2664
2665
2666
2667
2668
2669
2671
2672
2675
2676
2716
2718
2719
2753
2754
2764
2765
2766
2767
2768
2769
2770
2772
2775
2776
2816
2817
2818
2819
2853
2864
2865
2866
2867
2868
2869
2870
2872
2876
2877
2916
2917
2918
2929
2930
2931
2932
2933
2934
2935
2953
2973
2976
2977
3016
3017
3028
3029
3030
3034
3035
3036
3037
3052
3053
3073
3074
3077
3115
3116
3125
3126
3127
3135
3136
3137
3138
3139
3152
3153
3174
3177
3178
3215
3216
3224
3225
3237
3238
3239
3240
3252
3253
3274
3275
3278
3279
3314
3315
3316
3323
3324
3338
3339
3340
3341
3352
3353
3374
3375
3378
3379
3380
3414
3415
3416
3423
3424
3439
3442
3453
3475
3479
3480
3481
3514
3515
3516
3523
3524
3525
3526
3539
3540
3542
3554
3575
3579
3580
3581
3614
3615
3616
3622
3623
3624
3625
3626
3627
3639
3640
3641
3642
3654
3655
3675
3679
3681
3715
3716
3722
3723
3724
3725
3726
3727
3728
3741
3742
3755
3756
3775
3782
3815
3822
3823
3824
3825
3826
3827
3828
3841
3842
3856
3857
3874
3875
3880
3882
3912
3914
3915
3922
3923
3924
3925
3926
3927
3928
3941
3942
3957
3958
3959
3973
3974
3980
3983
4012
4014
4015
4022
4023
4024
4025
4026
4027
4041
4058
4059
4060
4072
4073
4080
4081
4083
4112
4114
4122
4123
4124
4140
4141
4160
4161
4162
4163
4164
4170
4171
4172
4181
4183
4184
4212
4214
4223
4240
4264
4265
4266
4267
4268
4269
4270
4281
4283
4284
4312
4314
4323
4339
4340
4382
4384
4412
4413
4414
4423
4438
4482
4484
4512
4513
4514
4523
4524
4537
4538
4582
4583
4584
4612
4613
4614
4623
4624
4636
4637
4683
4684
4712
4713
4714
4724
4735
4736
4783
4784
4812
4813
4814
4824
4825
4834
4835
4882
4883
4884
4912
4913
4914
4926
4932
4933
4934
4983
4984
5012
5013
5027
5028
5029
5030
5031
5032
5033
5083
5084
5112
5113
5183
5184
5212
5283
5284
5312
5383
5384
5412
5413
5484
5512
5513
5584
5612
5613
5684
5712
5713
5762
5784
5812
5814
5862
5863
5884
5912
5914
5962
5963
5984
6015
6062
6063
6084
6115
6162
6163
6184
6213
6215
6262
6263
6284
6313
6315
6345
6346
6362
6363
6384
6413
6445
6446
6462
6463
6484
6485
6513
6516
6545
6546
6547
6562
6563
6584
6585
6613
6616
6645
6646
6647
6662
6663
6684
6685
6686
6714
6717
6746
6747
6748
6761
6762
6763
6784
6785
6786
6814
6817
6847
6848
6849
6850
6860
6861
6862
6863
6884
6885
6915
6917
6948
6949
6950
6951
6952
6953
6954
6955
6956
6957
6958
6959
6960
6961
6984
6985
7015
7017
7018
7049
7050
7051
7052
7053
7054
7055
7056
7057
7058
7059
7060
7084
7085
7115
7116
7117
7118
7184
7185
7216
7217
7218
7283
7284
7317
7318
7383
7384
7417
7418
7482
7483
7517
7518
7519
7582
7583
7618
7619
7620
7681
7682
7718
7719
7720
7781
7782
7818
7821
7881
7882
7918
7919
7921
7922
7980
7981
8018
8019
8022
8023
8080
8081
8118
8119
8123
8124
8125
8180
8181
8219
8225
8226
8227
8280
8319
8320
8327
8328
8329
8379
8380
8420
8429
8430
8479
8520
8521
8579
