1847
1848
1849
1850
1851
1852
1853
1854
1855
1856
1942
1943
1944
1945
1946
1947
1948
1949
1950
1951
1952
1953
1954
1955
1956
1957
1958
1959
1960
1961
1962
2040
2041
2042
2043
2044
2045
2046
2047
2048
2049
2050
2051
2052
2053
2054
2055
2056
2057
2058
2059
2060
2061
2062
2063
2064
2065
2066
2138
2139
2140
2141
2142
2143
2144
2145
2146
2147
2148
2149
2150
2151
2152
2153
2154
2155
2156
2157
2158
2159
2160
2161
2162
2163
2164
2165
2166
2167
2168
2236
2237
2238
2239
2240
2241
2242
2243
2244
2245
2246
2247
2248
2249
2250
2251
2252
2253
2254
2255
2256
2257
2258
2259
2260
2261
2262
2263
2264
2265
2266
2267
2268
2335
2336
2337
2338
2339
2340
2341
2342
2343
2344
2345
2346
2347
2348
2349
2350
2351
2352
2353
2354
2355
2356
2357
2358
2359
2360
2361
2362
2363
2364
2365
2366
2367
2368
2434
2435
2436
2437
2438
2439
2440
2441
2442
2443
2444
2445
2446
2447
2448
2449
2450
2451
2452
2453
2454
2455
2456
2457
2458
2459
2460
2461
2462
2463
2464
2465
2466
2467
2468
2534
2535
2536
2537
2538
2539
2540
2541
2542
2543
2544
2545
2546
2547
2548
2549
2550
2551
2552
2553
2554
2555
2556
2557
2558
2559
2560
2561
2562
2563
2564
2565
2566
2567
2568
2633
2634
2635
2636
2637
2638
2639
2640
2641
2642
2643
2644
2645
2646
2660
2661
2662
2663
2664
2665
2666
2667
2668
2733
2734
2735
2736
2737
2738
2739
2740
2741
2742
2743
2764
2765
2766
2767
2768
2832
2833
2834
2835
2836
2837
2838
2839
2840
2841
2866
2867
2868
2932
2933
2934
2935
2936
2937
2938
2939
2940
2968
3032
3033
3034
3035
3036
3037
3038
3039
3040
3131
3132
3133
3134
3135
3136
3137
3138
3139
3231
3232
3233
3234
3235
3236
3237
3238
3239
3331
3332
3333
3334
3335
3336
3337
3338
3339
3431
3432
3433
3434
3435
3436
3437
3438
3439
3531
3532
3533
3534
3535
3536
3537
3538
3539
3631
3632
3633
3634
3635
3636
3637
3638
3639
3732
3733
3734
3735
3736
3737
3738
3739
3740
3832
3833
3834
3835
3836
3837
3838
3839
3840
3932
3933
3934
3935
3936
3937
3938
3939
3940
3941
3942
4032
4033
4034
4035
4036
4037
4038
4039
4040
4041
4042
4043
4044
4133
4134
4135
4136
4137
4138
4139
4140
4141
4142
4143
4144
4145
4146
4233
4234
4235
4236
4237
4238
4239
4240
4241
4242
4243
4244
4245
4246
4247
4248
4249
4250
4334
4335
4336
4337
4338
4339
4340
4341
4342
4343
4344
4345
4346
4347
4348
4349
4350
4351
4352
4353
4354
4435
4436
4437
4438
4439
4440
4441
4442
4443
4444
4445
4446
4447
4448
4449
4450
4451
4452
4453
4454
4455
4456
4457
4458
4536
4537
4538
4539
4540
4541
4542
4543
4544
4545
4546
4547
4548
4549
4550
4551
4552
4553
4554
4555
4556
4557
4558
4559
4560
4561
4638
4639
4640
4641
4642
4643
4644
4645
4646
4647
4648
4649
4650
4651
4652
4653
4654
4655
4656
4657
4658
4659
4660
4661
4662
4663
4740
4741
4742
4743
4744
4745
4746
4747
4748
4749
4750
4751
4752
4753
4754
4755
4756
4757
4758
4759
4760
4761
4762
4763
4764
4765
4843
4844
4845
4846
4847
4848
4849
4850
4851
4852
4853
4854
4855
4856
4857
4858
4859
4860
4861
4862
4863
4864
4865
4866
4946
4947
4948
4949
4950
4951
4952
4953
4954
4955
4956
4957
4958
4959
4960
4961
4962
4963
4964
4965
4966
4967
5051
5052
5053
5054
5055
5056
5057
5058
5059
5060
5061
5062
5063
5064
5065
5066
5067
5068
5154
5155
5156
5157
5158
5159
5160
5161
5162
5163
5164
5165
5166
5167
5168
5169
5257
5258
5259
5260
5261
5262
5263
5264
5265
5266
5267
5268
5269
5360
5361
5362
5363
5364
5365
5366
5367
5368
5369
5370
5461
5462
5463
5464
5465
5466
5467
5468
5469
5470
5562
5563
5564
5565
5566
5567
5568
5569
5570
5663
5664
5665
5666
5667
5668
5669
5670
5671
5763
5764
5765
5766
5767
5768
5769
5770
5771
5863
5864
5865
5866
5867
5868
5869
5870
5871
5963
5964
5965
5966
5967
5968
5969
5970
5971
6063
6064
6065
6066
6067
6068
6069
6070
6071
6163
6164
6165
6166
6167
6168
6169
6170
6171
6263
6264
6265
6266
6267
6268
6269
6270
6331
6362
6363
6364
6365
6366
6367
6368
6369
6370
6431
6432
6433
6461
6462
6463
6464
6465
6466
6467
6468
6469
6470
6531
6532
6533
6534
6535
6560
6561
6562
6563
6564
6565
6566
6567
6568
6569
6570
6631
6632
6633
6634
6635
6636
6637
6638
6659
6660
6661
6662
6663
6664
6665
6666
6667
6668
6669
6731
6732
6733
6734
6735
6736
6737
6738
6739
6740
6741
6742
6756
6757
6758
6759
6760
6761
6762
6763
6764
6765
6766
6767
6768
6769
6831
6832
6833
6834
6835
6836
6837
6838
6839
6840
6841
6842
6843
6844
6845
6846
6847
6848
6849
6850
6851
6852
6853
6854
6855
6856
6857
6858
6859
6860
6861
6862
6863
6864
6865
6866
6867
6868
6931
6932
6933
6934
6935
6936
6937
6938
6939
6940
6941
6942
6943
6944
6945
6946
6947
6948
6949
6950
6951
6952
6953
6954
6955
6956
6957
6958
6959
6960
6961
6962
6963
6964
6965
6966
6967
7031
7032
7033
7034
7035
7036
7037
7038
7039
7040
7041
7042
7043
7044
7045
7046
7047
7048
7049
7050
7051
7052
7053
7054
7055
7056
7057
7058
7059
7060
7061
7062
7063
7064
7065
7066
7131
7132
7133
7134
7135
7136
7137
7138
7139
7140
7141
7142
7143
7144
7145
7146
7147
7148
7149
7150
7151
7152
7153
7154
7155
7156
7157
7158
7159
7160
7161
7162
7163
7164
7165
7233
7234
7235
7236
7237
7238
7239
7240
7241
7242
7243
7244
7245
7246
7247
7248
7249
7250
7251
7252
7253
7254
7255
7256
7257
7258
7259
7260
7261
7262
7263
7336
7337
7338
7339
7340
7341
7342
7343
7344
7345
7346
7347
7348
7349
7350
7351
7352
7353
7354
7355
7356
7357
7358
7359
7360
7361
7440
7441
7442
7443
7444
7445
7446
7447
7448
7449
7450
7451
7452
7453
7454
7455
7456
7457
7458
7459
7546
7547
7548
7549
7550
7551
7552
7553
7711
7712
7713
7728
7729
7730
7808
7809
7810
7811
7812
7813
7826
7827
7828
7829
7830
7831
7832
7908
7912
7913
7925
7926
7932
7933
8012
8013
8024
8025
8033
8034
8112
8113
8124
8125
8133
8134
8212
8213
8224
8234
8312
8313
8323
8324
8334
8335
8412
8413
8423
8424
8434
8435
8512
8513
8523
8524
8534
8535
8612
8613
8623
8624
8634
8635
8712
8713
8723
8724
8734
8735
8812
8813
8823
8824
8834
8835
8912
8913
8924
8934
9012
9013
9024
9025
9033
9034
9112
9113
9124
9125
9133
9134
9212
9213
9225
9226
9232
9233
9308
9309
9310
9311
9312
9313
9314
9315
9316
9317
9326
9327
9328
9329
9330
9331
9332
9408
9409
9410
9411
9412
9413
9414
9415
9416
9417
9428
9429
9430
