236
237
238
239
240
241
242
243
244
245
246
247
248
249
250
251
252
253
254
255
256
257
258
259
260
261
262
263
264
265
266
267
268
269
270
271
272
273
274
336
337
338
339
340
341
342
343
344
345
346
347
348
349
350
351
352
353
354
355
356
357
358
359
360
361
362
363
364
365
366
367
368
369
370
371
372
373
374
436
437
438
439
440
441
442
443
444
445
446
447
448
449
450
451
452
453
454
455
456
457
458
459
460
461
462
463
464
465
466
467
468
469
470
471
472
473
474
536
537
538
539
540
541
542
543
544
545
546
547
548
549
550
551
552
553
554
555
556
557
558
559
560
561
562
563
564
565
566
567
568
569
570
571
572
573
574
636
637
638
639
640
641
642
643
644
645
646
647
648
649
650
651
652
653
654
655
656
657
658
659
660
661
662
663
664
665
666
667
668
669
670
671
672
673
674
736
737
738
739
740
741
742
743
744
745
746
747
748
749
750
751
752
753
754
755
756
757
758
759
760
761
762
763
764
765
766
767
768
769
770
771
772
773
774
836
837
838
839
840
841
842
843
844
845
846
847
848
849
850
851
852
853
854
855
856
857
858
859
860
861
862
863
864
865
866
867
868
869
870
871
872
873
874
936
937
938
939
940
941
942
943
944
945
946
947
948
949
950
951
952
953
954
955
956
957
958
959
960
961
962
963
964
965
966
967
968
969
970
971
972
973
974
1036
1037
1038
1039
1040
1041
1042
1043
1044
1045
1136
1137
1138
1139
1140
1141
1142
1143
1144
1145
1236
1237
1238
1239
1240
1241
1242
1243
1244
1245
1336
1337
1338
1339
1340
1341
1342
1343
1344
1345
1436
1437
1438
1439
1440
1441
1442
1443
1444
1445
1536
1537
1538
1539
1540
1541
1542
1543
1544
1545
1636
1637
1638
1639
1640
1641
1642
1643
1644
1645
1736
1737
1738
1739
1740
1741
1742
1743
1744
1745
1836
1837
1838
1839
1840
1841
1842
1843
1844
1845
1936
1937
1938
1939
1940
1941
1942
1943
1944
1945
2036
2037
2038
2039
2040
2041
2042
2043
2044
2045
2136
2137
2138
2139
2140
2141
2142
2143
2144
2145
2236
2237
2238
2239
2240
2241
2242
2243
2244
2245
2336
2337
2338
2339
2340
2341
2342
2343
2344
2345
2436
2437
2438
2439
2440
2441
2442
2443
2444
2445
2536
2537
2538
2539
2540
2541
2542
2543
2544
2545
2636
2637
2638
2639
2640
2641
2642
2643
2644
2645
2736
2737
2738
2739
2740
2741
2742
2743
2744
2745
2751
2752
2753
2754
2755
2756
2757
2758
2836
2837
2838
2839
2840
2841
2842
2843
2844
2845
2846
2847
2848
2849
2850
2851
2852
2853
2854
2855
2856
2857
2858
2859
2860
2861
2862
2863
2936
2937
2938
2939
2940
2941
2942
2943
2944
2945
2946
2947
2948
2949
2950
2951
2952
2953
2954
2955
2956
2957
2958
2959
2960
2961
2962
2963
2964
2965
3036
3037
3038
3039
3040
3041
3042
3043
3044
3045
3046
3047
3048
3049
3050
3051
3052
3053
3054
3055
3056
3057
3058
3059
3060
3061
3062
3063
3064
3065
3066
3067
3136
3137
3138
3139
3140
3141
3142
3143
3144
3145
3146
3147
3148
3149
3150
3151
3152
3153
3154
3155
3156
3157
3158
3159
3160
3161
3162
3163
3164
3165
3166
3167
3168
3169
3236
3237
3238
3239
3240
3241
3242
3243
3244
3245
3246
3247
3248
3249
3250
3251
3252
3253
3254
3255
3256
3257
3258
3259
3260
3261
3262
3263
3264
3265
3266
3267
3268
3269
3270
3336
3337
3338
3339
3340
3341
3342
3343
3344
3345
3346
3347
3348
3349
3350
3351
3352
3353
3354
3355
3356
3357
3358
3359
3360
3361
3362
3363
3364
3365
3366
3367
3368
3369
3370
3371
3372
3436
3437
3438
3439
3440
3441
3442
3443
3444
3445
3446
3447
3448
3449
3450
3451
3452
3453
3454
3455
3456
3457
3458
3459
3460
3461
3462
3463
3464
3465
3466
3467
3468
3469
3470
3471
3472
3473
3536
3537
3538
3539
3540
3541
3542
3543
3544
3558
3559
3560
3561
3562
3563
3564
3565
3566
3567
3568
3569
3570
3571
3572
3573
3574
3636
3637
3638
3639
3640
3641
3661
3662
3663
3664
3665
3666
3667
3668
3669
3670
3671
3672
3673
3674
3736
3737
3738
3763
3764
3765
3766
3767
3768
3769
3770
3771
3772
3773
3774
3775
3836
3864
3865
3866
3867
3868
3869
3870
3871
3872
3873
3874
3875
3876
3965
3966
3967
3968
3969
3970
3971
3972
3973
3974
3975
3976
4066
4067
4068
4069
4070
4071
4072
4073
4074
4075
4076
4077
4167
4168
4169
4170
4171
4172
4173
4174
4175
4176
4177
4268
4269
4270
4271
4272
4273
4274
4275
4276
4277
4368
4369
4370
4371
4372
4373
4374
4375
4376
4377
4378
4469
4470
4471
4472
4473
4474
4475
4476
4477
4478
4569
4570
4571
4572
4573
4574
4575
4576
4577
4578
4670
4671
4672
4673
4674
4675
4676
4677
4678
4770
4771
4772
4773
4774
4775
4776
4777
4778
4870
4871
4872
4873
4874
4875
4876
4877
4878
4879
4970
4971
4972
4973
4974
4975
4976
4977
4978
4979
5070
5071
5072
5073
5074
5075
5076
5077
5078
5079
5170
5171
5172
5173
5174
5175
5176
5177
5178
5179
5270
5271
5272
5273
5274
5275
5276
5277
5278
5279
5370
5371
5372
5373
5374
5375
5376
5377
5378
5379
5470
5471
5472
5473
5474
5475
5476
5477
5478
5479
5570
5571
5572
5573
5574
5575
5576
5577
5578
5670
5671
5672
5673
5674
5675
5676
5677
5678
5769
5770
5771
5772
5773
5774
5775
5776
5777
5778
5869
5870
5871
5872
5873
5874
5875
5876
5877
5878
5968
5969
5970
5971
5972
5973
5974
5975
5976
5977
5978
6068
6069
6070
6071
6072
6073
6074
6075
6076
6077
6167
6168
6169
6170
6171
6172
6173
6174
6175
6176
6177
6266
6267
6268
6269
6270
6271
6272
6273
6274
6275
6276
6277
6365
6366
6367
6368
6369
6370
6371
6372
6373
6374
6375
6376
6433
6434
6464
6465
6466
6467
6468
6469
6470
6471
6472
6473
6474
6475
6476
6533
6534
6535
6536
6537
6563
6564
6565
6566
6567
6568
6569
6570
6571
6572
6573
6574
6575
6633
6634
6635
6636
6637
6638
6639
6661
6662
6663
6664
6665
6666
6667
6668
6669
6670
6671
6672
6673
6674
6733
6734
6735
6736
6737
6738
6739
6740
6741
6742
6743
6758
6759
6760
6761
6762
6763
6764
6765
6766
6767
6768
6769
6770
6771
6772
6773
6833
6834
6835
6836
6837
6838
6839
6840
6841
6842
6843
6844
6845
6846
6847
6848
6849
6850
6851
6852
6853
6854
6855
6856
6857
6858
6859
6860
6861
6862
6863
6864
6865
6866
6867
6868
6869
6870
6871
6872
6873
6933
6934
6935
6936
6937
6938
6939
6940
6941
6942
6943
6944
6945
6946
6947
6948
6949
6950
6951
6952
6953
6954
6955
6956
6957
6958
6959
6960
6961
6962
6963
6964
6965
6966
6967
6968
6969
6970
6971
7033
7034
7035
7036
7037
7038
7039
7040
7041
7042
7043
7044
7045
7046
7047
7048
7049
7050
7051
7052
7053
7054
7055
7056
7057
7058
7059
7060
7061
7062
7063
7064
7065
7066
7067
7068
7069
7070
7133
7134
7135
7136
7137
7138
7139
7140
7141
7142
7143
7144
7145
7146
7147
7148
7149
7150
7151
7152
7153
7154
7155
7156
7157
7158
7159
7160
7161
7162
7163
7164
7165
7166
7167
7168
7169
7233
7234
7235
7236
7237
7238
7239
7240
7241
7242
7243
7244
7245
7246
7247
7248
7249
7250
7251
7252
7253
7254
7255
7256
7257
7258
7259
7260
7261
7262
7263
7264
7265
7266
7267
7336
7337
7338
7339
7340
7341
7342
7343
7344
7345
7346
7347
7348
7349
7350
7351
7352
7353
7354
7355
7356
7357
7358
7359
7360
7361
7362
7363
7364
7365
7440
7441
7442
7443
7444
7445
7446
7447
7448
7449
7450
7451
7452
7453
7454
7455
7456
7457
7458
7459
7460
7461
7462
7547
7548
7549
7550
7551
7552
7553
7554
7555
7556
7714
7715
7716
7727
7728
7729
7813
7814
7815
7816
7824
7825
7826
7827
7828
7829
7912
7913
7915
7916
7924
7928
7929
8012
8015
8016
8028
8029
8111
8112
8115
8116
8128
8129
8210
8211
8215
8216
8228
8229
8310
8315
8316
8328
8329
8409
8410
8415
8416
8428
8429
8508
8509
8515
8516
8528
8529
8608
8615
8616
8628
8629
8707
8708
8715
8716
8728
8729
8806
8807
8815
8816
8828
8829
8906
8907
8908
8909
8910
8911
8912
8913
8914
8915
8916
8917
8918
8919
8928
8929
9006
9007
9008
9009
9010
9011
9012
9013
9014
9015
9016
9017
9018
9019
9028
9029
9115
9116
9128
9129
9215
9216
9228
9229
9315
9316
9324
9325
9326
9327
9328
9329
9330
9331
9332
9333
9415
9416
9424
9425
9426
9427
9428
9429
9430
9431
9432
9433
