53
54
55
56
57
58
59
60
61
62
147
148
149
150
151
152
153
154
155
156
157
158
159
160
161
162
163
164
165
166
167
168
245
246
247
248
249
250
251
252
253
254
255
256
257
258
259
260
261
262
263
264
265
266
267
268
269
270
271
272
342
343
344
345
346
347
348
349
350
351
352
353
354
355
356
357
358
359
360
361
362
363
364
365
366
367
368
369
370
371
372
373
374
375
376
441
442
443
444
445
446
447
448
449
450
451
452
453
454
455
456
457
458
459
460
461
462
463
464
465
466
467
468
469
470
471
472
473
474
475
476
477
478
539
540
541
542
543
544
545
546
547
548
549
550
551
552
553
554
555
556
557
558
559
560
561
562
563
564
565
566
567
568
569
570
571
572
573
574
575
576
577
578
638
639
640
641
642
643
644
645
646
647
648
649
650
651
652
653
654
655
656
657
658
659
660
661
662
663
664
665
666
667
668
669
670
671
672
673
674
675
676
677
678
737
738
739
740
741
742
743
744
745
746
747
748
749
750
751
752
753
754
755
756
757
758
759
760
761
762
763
764
765
766
767
768
769
770
771
772
773
774
775
776
777
778
836
837
838
839
840
841
842
843
844
845
846
847
848
849
850
851
865
866
867
868
869
870
871
872
873
874
875
876
877
878
936
937
938
939
940
941
942
943
944
945
946
947
948
969
970
971
972
973
974
975
976
977
978
1035
1036
1037
1038
1039
1040
1041
1042
1043
1044
1045
1046
1072
1073
1074
1075
1076
1077
1078
1134
1135
1136
1137
1138
1139
1140
1141
1142
1143
1144
1145
1174
1175
1176
1177
1178
1234
1235
1236
1237
1238
1239
1240
1241
1242
1243
1244
1276
1277
1278
1333
1334
1335
1336
1337
1338
1339
1340
1341
1342
1343
1378
1433
1434
1435
1436
1437
1438
1439
1440
1441
1442
1533
1534
1535
1536
1537
1538
1539
1540
1541
1542
1633
1634
1635
1636
1637
1638
1639
1640
1641
1732
1733
1734
1735
1736
1737
1738
1739
1740
1741
1832
1833
1834
1835
1836
1837
1838
1839
1840
1841
1932
1933
1934
1935
1936
1937
1938
1939
1940
1941
2032
2033
2034
2035
2036
2037
2038
2039
2040
2041
2132
2133
2134
2135
2136
2137
2138
2139
2140
2141
2232
2233
2234
2235
2236
2237
2238
2239
2240
2241
2332
2333
2334
2335
2336
2337
2338
2339
2340
2341
2432
2433
2434
2435
2436
2437
2438
2439
2440
2441
2533
2534
2535
2536
2537
2538
2539
2540
2541
2542
2633
2634
2635
2636
2637
2638
2639
2640
2641
2642
2643
2733
2734
2735
2736
2737
2738
2739
2740
2741
2742
2743
2833
2834
2835
2836
2837
2838
2839
2840
2841
2842
2843
2844
2845
2934
2935
2936
2937
2938
2939
2940
2941
2942
2943
2944
2945
2946
2947
3034
3035
3036
3037
3038
3039
3040
3041
3042
3043
3044
3045
3046
3047
3048
3049
3135
3136
3137
3138
3139
3140
3141
3142
3143
3144
3145
3146
3147
3148
3149
3150
3151
3152
3153
3236
3237
3238
3239
3240
3241
3242
3243
3244
3245
3246
3247
3248
3249
3250
3251
3252
3253
3254
3255
3256
3257
3337
3338
3339
3340
3341
3342
3343
3344
3345
3346
3347
3348
3349
3350
3351
3352
3353
3354
3355
3356
3357
3358
3359
3360
3361
3362
3438
3439
3440
3441
3442
3443
3444
3445
3446
3447
3448
3449
3450
3451
3452
3453
3454
3455
3456
3457
3458
3459
3460
3461
3462
3463
3464
3465
3466
3539
3540
3541
3542
3543
3544
3545
3546
3547
3548
3549
3550
3551
3552
3553
3554
3555
3556
3557
3558
3559
3560
3561
3562
3563
3564
3565
3566
3567
3568
3569
3640
3641
3642
3643
3644
3645
3646
3647
3648
3649
3650
3651
3652
3653
3654
3655
3656
3657
3658
3659
3660
3661
3662
3663
3664
3665
3666
3667
3668
3669
3670
3671
3742
3743
3744
3745
3746
3747
3748
3749
3750
3751
3752
3753
3754
3755
3756
3757
3758
3759
3760
3761
3762
3763
3764
3765
3766
3767
3768
3769
3770
3771
3772
3773
3845
3846
3847
3848
3849
3850
3851
3852
3853
3854
3855
3856
3857
3858
3859
3860
3861
3862
3863
3864
3865
3866
3867
3868
3869
3870
3871
3872
3873
3874
3948
3949
3950
3951
3952
3953
3954
3955
3956
3957
3958
3959
3960
3961
3962
3963
3964
3965
3966
3967
3968
3969
3970
3971
3972
3973
3974
3975
3976
4051
4052
4053
4054
4055
4056
4057
4058
4059
4060
4061
4062
4063
4064
4065
4066
4067
4068
4069
4070
4071
4072
4073
4074
4075
4076
4077
4156
4157
4158
4159
4160
4161
4162
4163
4164
4165
4166
4167
4168
4169
4170
4171
4172
4173
4174
4175
4176
4177
4178
4261
4262
4263
4264
4265
4266
4267
4268
4269
4270
4271
4272
4273
4274
4275
4276
4277
4278
4364
4365
4366
4367
4368
4369
4370
4371
4372
4373
4374
4375
4376
4377
4378
4379
4467
4468
4469
4470
4471
4472
4473
4474
4475
4476
4477
4478
4479
4480
4568
4569
4570
4571
4572
4573
4574
4575
4576
4577
4578
4579
4580
4670
4671
4672
4673
4674
4675
4676
4677
4678
4679
4680
4771
4772
4773
4774
4775
4776
4777
4778
4779
4780
4781
4871
4872
4873
4874
4875
4876
4877
4878
4879
4880
4881
4972
4973
4974
4975
4976
4977
4978
4979
4980
4981
5072
5073
5074
5075
5076
5077
5078
5079
5080
5081
5173
5174
5175
5176
5177
5178
5179
5180
5181
5182
5273
5274
5275
5276
5277
5278
5279
5280
5281
5282
5373
5374
5375
5376
5377
5378
5379
5380
5381
5382
5473
5474
5475
5476
5477
5478
5479
5480
5481
5482
5573
5574
5575
5576
5577
5578
5579
5580
5581
5582
5673
5674
5675
5676
5677
5678
5679
5680
5681
5682
5773
5774
5775
5776
5777
5778
5779
5780
5781
5782
5873
5874
5875
5876
5877
5878
5879
5880
5881
5973
5974
5975
5976
5977
5978
5979
5980
5981
6072
6073
6074
6075
6076
6077
6078
6079
6080
6081
6172
6173
6174
6175
6176
6177
6178
6179
6180
6181
6232
6233
6271
6272
6273
6274
6275
6276
6277
6278
6279
6280
6332
6333
6334
6335
6370
6371
6372
6373
6374
6375
6376
6377
6378
6379
6380
6432
6433
6434
6435
6436
6437
6438
6469
6470
6471
6472
6473
6474
6475
6476
6477
6478
6479
6480
6532
6533
6534
6535
6536
6537
6538
6539
6540
6567
6568
6569
6570
6571
6572
6573
6574
6575
6576
6577
6578
6579
6632
6633
6634
6635
6636
6637
6638
6639
6640
6641
6642
6643
6665
6666
6667
6668
6669
6670
6671
6672
6673
6674
6675
6676
6677
6678
6732
6733
6734
6735
6736
6737
6738
6739
6740
6741
6742
6743
6744
6745
6746
6747
6762
6763
6764
6765
6766
6767
6768
6769
6770
6771
6772
6773
6774
6775
6776
6777
6778
6832
6833
6834
6835
6836
6837
6838
6839
6840
6841
6842
6843
6844
6845
6846
6847
6848
6849
6850
6851
6852
6853
6854
6855
6856
6857
6858
6859
6860
6861
6862
6863
6864
6865
6866
6867
6868
6869
6870
6871
6872
6873
6874
6875
6876
6877
6932
6933
6934
6935
6936
6937
6938
6939
6940
6941
6942
6943
6944
6945
6946
6947
6948
6949
6950
6951
6952
6953
6954
6955
6956
6957
6958
6959
6960
6961
6962
6963
6964
6965
6966
6967
6968
6969
6970
6971
6972
6973
6974
6975
6976
7032
7033
7034
7035
7036
7037
7038
7039
7040
7041
7042
7043
7044
7045
7046
7047
7048
7049
7050
7051
7052
7053
7054
7055
7056
7057
7058
7059
7060
7061
7062
7063
7064
7065
7066
7067
7068
7069
7070
7071
7072
7073
7074
7075
7134
7135
7136
7137
7138
7139
7140
7141
7142
7143
7144
7145
7146
7147
7148
7149
7150
7151
7152
7153
7154
7155
7156
7157
7158
7159
7160
7161
7162
7163
7164
7165
7166
7167
7168
7169
7170
7171
7172
7173
7237
7238
7239
7240
7241
7242
7243
7244
7245
7246
7247
7248
7249
7250
7251
7252
7253
7254
7255
7256
7257
7258
7259
7260
7261
7262
7263
7264
7265
7266
7267
7268
7269
7270
7271
7340
7341
7342
7343
7344
7345
7346
7347
7348
7349
7350
7351
7352
7353
7354
7355
7356
7357
7358
7359
7360
7361
7362
7363
7364
7365
7366
7367
7368
7369
7444
7445
7446
7447
7448
7449
7450
7451
7452
7453
7454
7455
7456
7457
7458
7459
7460
7461
7462
7463
7464
7465
7466
7550
7551
7552
7553
7554
7555
7556
7557
7558
7559
7711
7712
7713
7808
7809
7810
7811
7812
7813
7908
7912
7913
8012
8013
8112
8113
8212
8213
8312
8313
8412
8413
8512
8513
8612
8613
8712
8713
8812
8813
8912
8913
9012
9013
9112
9113
9212
9213
9308
9309
9310
9311
9312
9313
9314
9315
9316
9317
9408
9409
9410
9411
9412
9413
9414
9415
9416
9417
