62
63
64
65
66
67
68
69
70
71
72
73
74
75
159
160
161
162
163
164
165
166
167
168
169
170
171
172
173
174
175
258
259
260
261
262
263
264
265
266
267
268
269
270
271
272
273
274
275
356
357
358
359
360
361
362
363
364
365
366
367
368
369
370
371
372
373
374
375
456
457
458
459
460
461
462
463
464
465
466
467
468
469
470
471
472
473
474
475
555
556
557
558
559
560
561
562
563
564
565
566
567
568
569
570
571
572
573
574
575
655
656
657
658
659
660
661
662
663
664
665
666
754
755
756
757
758
759
760
761
762
763
764
854
855
856
857
858
859
860
861
862
863
954
955
956
957
958
959
960
961
962
1054
1055
1056
1057
1058
1059
1060
1061
1062
1154
1155
1156
1157
1158
1159
1160
1161
1253
1254
1255
1256
1257
1258
1259
1260
1261
1353
1354
1355
1356
1357
1358
1359
1360
1361
1453
1454
1455
1456
1457
1458
1459
1460
1461
1553
1554
1555
1556
1557
1558
1559
1560
1561
1653
1654
1655
1656
1657
1658
1659
1660
1661
1753
1754
1755
1756
1757
1758
1759
1760
1761
1853
1854
1855
1856
1857
1858
1859
1860
1861
1953
1954
1955
1956
1957
1958
1959
1960
1961
2053
2054
2055
2056
2057
2058
2059
2060
2061
2153
2154
2155
2156
2157
2158
2159
2160
2161
2253
2254
2255
2256
2257
2258
2259
2260
2261
2353
2354
2355
2356
2357
2358
2359
2360
2361
2453
2454
2455
2456
2457
2458
2459
2460
2461
2553
2554
2555
2556
2557
2558
2559
2560
2561
2653
2654
2655
2656
2657
2658
2659
2660
2661
2753
2754
2755
2756
2757
2758
2759
2760
2761
2853
2854
2855
2856
2857
2858
2859
2860
2861
2953
2954
2955
2956
2957
2958
2959
2960
2961
3053
3054
3055
3056
3057
3058
3059
3060
3061
3153
3154
3155
3156
3157
3158
3159
3160
3161
3253
3254
3255
3256
3257
3258
3259
3260
3261
3353
3354
3355
3356
3357
3358
3359
3360
3361
3453
3454
3455
3456
3457
3458
3459
3460
3552
3553
3554
3555
3556
3557
3558
3559
3560
3652
3653
3654
3655
3656
3657
3658
3659
3660
3752
3753
3754
3755
3756
3757
3758
3759
3760
3851
3852
3853
3854
3855
3856
3857
3858
3859
3860
3950
3951
3952
3953
3954
3955
3956
3957
3958
3959
4049
4050
4051
4052
4053
4054
4055
4056
4057
4058
4059
4147
4148
4149
4150
4151
4152
4153
4154
4155
4156
4157
4158
4238
4239
4240
4241
4242
4243
4244
4245
4246
4247
4248
4249
4250
4251
4252
4253
4254
4255
4256
4257
4338
4339
4340
4341
4342
4343
4344
4345
4346
4347
4348
4349
4350
4351
4352
4353
4354
4355
4356
4438
4439
4440
4441
4442
4443
4444
4445
4446
4447
4448
4449
4450
4451
4452
4453
4454
4538
4539
4540
4541
4542
4543
4544
4545
4546
4547
4548
4549
4550
4551
4552
4638
4639
4640
4641
4642
4643
4644
4645
4646
4647
4648
4649
4650
4651
4652
4653
4654
4738
4739
4740
4741
4742
4743
4744
4745
4746
4747
4748
4749
4750
4751
4752
4753
4754
4755
4756
4838
4839
4840
4841
4842
4843
4844
4845
4846
4847
4848
4849
4850
4851
4852
4853
4854
4855
4856
4857
4947
4948
4949
4950
4951
4952
4953
4954
4955
4956
4957
4958
5049
5050
5051
5052
5053
5054
5055
5056
5057
5058
5059
5150
5151
5152
5153
5154
5155
5156
5157
5158
5159
5251
5252
5253
5254
5255
5256
5257
5258
5259
5260
5352
5353
5354
5355
5356
5357
5358
5359
5360
5452
5453
5454
5455
5456
5457
5458
5459
5460
5552
5553
5554
5555
5556
5557
5558
5559
5560
5653
5654
5655
5656
5657
5658
5659
5660
5753
5754
5755
5756
5757
5758
5759
5760
5761
5853
5854
5855
5856
5857
5858
5859
5860
5861
5953
5954
5955
5956
5957
5958
5959
5960
5961
6053
6054
6055
6056
6057
6058
6059
6060
6061
6153
6154
6155
6156
6157
6158
6159
6160
6161
6253
6254
6255
6256
6257
6258
6259
6260
6261
6353
6354
6355
6356
6357
6358
6359
6360
6361
6453
6454
6455
6456
6457
6458
6459
6460
6461
6553
6554
6555
6556
6557
6558
6559
6560
6561
6653
6654
6655
6656
6657
6658
6659
6660
6661
6753
6754
6755
6756
6757
6758
6759
6760
6761
6853
6854
6855
6856
6857
6858
6859
6860
6861
6953
6954
6955
6956
6957
6958
6959
6960
6961
7053
7054
7055
7056
7057
7058
7059
7060
7061
7153
7154
7155
7156
7157
7158
7159
7160
7161
7253
7254
7255
7256
7257
7258
7259
7260
7261
7353
7354
7355
7356
7357
7358
7359
7360
7361
7453
7454
7455
7456
7457
7458
7459
7460
7461
7553
7554
7555
7556
7557
7558
7559
7560
7561
7653
7654
7655
7656
7657
7658
7659
7660
7661
7710
7711
7712
7713
7714
7753
7754
7755
7756
7757
7758
7759
7760
7761
7808
7809
7810
7811
7812
7813
7814
7815
7816
7854
7855
7856
7857
7858
7859
7860
7861
7908
7915
7916
7954
7955
7956
7957
7958
7959
7960
7961
7962
8016
8017
8054
8055
8056
8057
8058
8059
8060
8061
8062
8116
8117
8154
8155
8156
8157
8158
8159
8160
8161
8162
8163
8216
8217
8254
8255
8256
8257
8258
8259
8260
8261
8262
8263
8264
8315
8316
8355
8356
8357
8358
8359
8360
8361
8362
8363
8364
8365
8366
8410
8411
8412
8413
8414
8415
8455
8456
8457
8458
8459
8460
8461
8462
8463
8464
8465
8466
8467
8468
8469
8470
8471
8472
8473
8474
8475
8510
8511
8512
8513
8514
8515
8556
8557
8558
8559
8560
8561
8562
8563
8564
8565
8566
8567
8568
8569
8570
8571
8572
8573
8574
8575
8615
8616
8617
8656
8657
8658
8659
8660
8661
8662
8663
8664
8665
8666
8667
8668
8669
8670
8671
8672
8673
8674
8675
8717
8757
8758
8759
8760
8761
8762
8763
8764
8765
8766
8767
8768
8769
8770
8771
8772
8773
8774
8775
8817
8818
8859
8860
8861
8862
8863
8864
8865
8866
8867
8868
8869
8870
8871
8872
8873
8874
8875
8917
8918
8962
8963
8964
8965
8966
8967
8968
8969
8970
8971
8972
8973
8974
8975
9017
9018
9067
9068
9069
9070
9071
9072
9073
9074
9075
9117
9207
9215
9216
9217
9307
9308
9309
9310
9311
9312
9313
9314
9315
9316
9410
9411
9412
9413
